0 0.0351171875 0.8220315833333333 0.054375 0.08250000000000002
0 0.07957031249999999 0.7607295 0.058125 0.07916600000000014
0 0.166015625 0.8889583333333334 0.05249999999999999 0.07416699999999994
0 0.2091796875 0.7133336666666666 0.06875 0.08416600000000003
0 0.3424609375 0.752708 0.07750000000000001 0.09500000000000004
0 0.482109375 0.7301038333333333 0.07500000000000001 0.09000000000000001
0 0.612421875 0.4252600833333333 0.02749999999999997 0.035834
0 0.661640625 0.8343232500000001 0.051875000000000004 0.07249999999999994
0 0.6658203125 0.6819274166666668 0.05687500000000001 0.07583299999999997
0 0.659453125 0.6239065833333334 0.03562500000000002 0.05166599999999999
0 0.6769921875 0.41942708333333334 0.021874999999999978 0.034999999999999996
0 0.6762890625 0.390625 0.018125000000000058 0.03333299999999998
0 0.6958203125 0.63619825 0.02562500000000001 0.04083300000000004
0 0.6956640625 0.3144270833333333 0.018124999999999947 0.03500000000000003
0 0.701796875 0.4885940833333333 0.028125000000000067 0.034165999999999995
0 0.7047265625 0.29083333333333333 0.03375000000000006 0.043332999999999955
0 0.7214453125 0.398125 0.02562500000000001 0.03249999999999997
0 0.72796875 0.3451559166666667 0.023749999999999938 0.030834000000000028
0 0.7394140625 0.41552083333333334 0.018125000000000058 0.028333000000000014
0 0.750546875 0.65703125 0.02750000000000008 0.04083300000000004
0 0.754765625 0.3209899166666667 0.020625000000000004 0.029165999999999952
0 0.78625 0.5401045 0.03125 0.04833299999999996
0 0.806640625 0.6928645833333333 0.05125000000000002 0.080833
0 0.8364453125 0.6090621666666668 0.02562500000000001 0.03749999999999994
0 0.8425390625 0.4412496666666667 0.01937500000000003 0.021666999999999954
0 0.8958203125 0.38786425 0.025624999999999898 0.03999999999999996
0 0.9662109375 0.730417 0.04500000000000004 0.0650000000000001
0 0.9646875 0.5086455 0.015625 0.015834000000000053
