0 0.15625 0.5024396496350365 0.314375 0.32959799999999995
0 0.6543749999999999 0.44692241605839417 0.68875 0.8132590000000002
0 0.4921875 0.7227036642335767 0.016874999999999973 0.049487
0 0.5358203125 0.8607739562043795 0.05687500000000001 0.04295100000000013
0 0.5440625 0.805277810218978 0.04749999999999999 0.045752000000000105
0 0.5456640625 0.7528721021897811 0.01937500000000003 0.038281999999999976
0 0.5825 0.7957190583941606 0.03312499999999996 0.08029800000000005
0 0.7178125 0.925725810218978 0.015625 0.04388400000000009
0 0.74109375 0.9729896861313868 0.024375000000000036 0.028011000000000036
0 0.7769140625 0.8209133941605841 0.018125000000000058 0.03268000000000003
