0 0.20027343749999998 0.5892705 0.15500000000000003 0.17250000000000001
0 0.154921875 0.7851045 0.05937500000000001 0.048333000000000105
0 0.201875 0.8169270833333334 0.031875000000000014 0.03416699999999991
0 0.227421875 0.7822395833333333 0.028749999999999998 0.04999999999999997
0 0.229296875 0.7269270833333333 0.027499999999999997 0.03416700000000006
0 0.248671875 0.81338575 0.027500000000000024 0.025832999999999995
0 0.2534375 0.7903125000000001 0.016875 0.01750000000000007
0 0.2684765625 0.7202600833333334 0.03375 0.03416700000000006
0 0.274765625 0.6351559166666666 0.020625000000000004 0.030834000000000028
0 0.276015625 0.5561455 0.020625000000000004 0.01750000000000007
0 0.2787890625 0.8405208333333333 0.018125000000000002 0.027500000000000007
0 0.2906640625 0.6637496666666668 0.01937500000000003 0.022499999999999964
0 0.2919140625 0.6141145833333334 0.018125000000000002 0.020832999999999952
0 0.2934375 0.5366145833333333 0.015625 0.019167000000000007
0 0.3001171875 0.7929166666666667 0.021875000000000033 0.022499999999999964
0 0.296484375 0.5969795 0.013124999999999998 0.015832999999999986
0 0.3034375 0.56005175 0.015625 0.02416700000000005
0 0.3190625 0.710417 0.04812499999999997 0.06333300000000008
0 0.3153125 0.6570836666666667 0.01687500000000003 0.022499999999999964
0 0.3165625 0.5607815833333333 0.016874999999999973 0.01916600000000009
0 0.3228125 0.5412496666666667 0.016874999999999973 0.020833999999999946
0 0.3246875 0.5869795 0.01749999999999996 0.017499999999999922
0 0.3395703125 0.7298961666666667 0.025624999999999953 0.03666600000000001
0 0.3461328125 0.64421875 0.011249999999999982 0.025832999999999995
0 0.3528125 0.5187496666666668 0.01687500000000003 0.020833999999999946
0 0.3634375 0.57921875 0.01749999999999996 0.025832999999999995
0 0.367890625 0.65255175 0.02062499999999995 0.025834000000000062
0 0.3706640625 0.7368229166666667 0.019374999999999976 0.029167000000000016
0 0.3721875 0.61338575 0.016874999999999973 0.025832999999999995
0 0.4165234375 0.664167 0.09187500000000004 0.12583300000000008
0 0.3890625 0.52171875 0.01687500000000003 0.0241669999999999
0 0.388359375 0.5936455 0.011874999999999969 0.015833999999999904
0 0.4021875 0.58088575 0.017500000000000016 0.02416600000000006
0 0.4056640625 0.66005175 0.018125000000000002 0.024166999999999977
0 0.421640625 0.5578125 0.02124999999999999 0.015832999999999986
0 0.4438671875 0.5855208333333334 0.023125000000000007 0.02749999999999993
