0 0.0808984375 0.7675003333333333 0.029375 0.044166000000000004
0 0.094140625 0.79703125 0.02062499999999999 0.040832999999999973
0 0.0988671875 0.7246878333333333 0.021875000000000006 0.027500000000000007
0 0.2051953125 0.6563541666666667 0.05687500000000001 0.06833299999999998
0 0.2291796875 0.45520866666666665 0.03875000000000001 0.053333
0 0.232109375 0.49463541666666666 0.04375000000000001 0.04499999999999993
0 0.3 0.6354684166666668 0.03250000000000003 0.04499999999999993
0 0.3104296875 0.6964065833333333 0.03812500000000002 0.05166599999999999
0 0.3239453125 0.8250520833333334 0.05687499999999995 0.06583300000000003
0 0.3048828125 0.4157815833333333 0.010000000000000009 0.01916600000000009
0 0.3235546875 0.7700520833333334 0.03750000000000003 0.06583299999999988
0 0.353671875 0.91317675 0.028124999999999956 0.05666700000000002
0 0.3804296875 0.7934899166666667 0.03749999999999998 0.030833000000000037
0 0.3982421875 0.5818229166666667 0.021874999999999978 0.03083299999999996
0 0.4184765625 0.48348991666666663 0.03375 0.030833000000000037
0 0.43578125 0.5383333333333332 0.03999999999999998 0.04250000000000013
0 0.4333984375 0.6096878333333332 0.029374999999999984 0.027500000000000153
0 0.448828125 0.8062496666666666 0.036250000000000004 0.022499999999999964
0 0.4588671875 0.6765621666666667 0.021874999999999978 0.038334000000000014
0 0.46375 0.8401045000000001 0.03250000000000003 0.048332999999999814
0 0.4650390625 0.54036425 0.01937500000000003 0.04083400000000011
0 0.49859375 0.8960940833333334 0.024999999999999967 0.03583299999999993
0 0.5101953125 0.6418229166666666 0.025624999999999953 0.029167000000000016
0 0.5107421875 0.7150517500000001 0.02312499999999995 0.024166999999999977
0 0.5505078125 0.84369825 0.04249999999999998 0.040832999999999973
0 0.5834765625 0.41343749999999996 0.03374999999999995 0.04833299999999996
0 0.6209765625 0.53869825 0.03500000000000003 0.040832999999999973
0 0.6491796875 0.35874999999999996 0.03875000000000006 0.06416699999999997
0 0.7090625 0.10302083333333334 0.015625 0.027499999999999986
0 0.73 0.96203125 0.03249999999999997 0.040000000000000036
0 0.7379296875 0.9328642500000001 0.03875000000000006 0.040000000000000036
0 0.81546875 0.602083 0.024375000000000036 0.06499999999999995
0 0.8687109375 0.7676045 0.04625000000000001 0.04833299999999996
0 0.902421875 0.665625 0.028749999999999942 0.0324999999999999
0 0.9166796875 0.7655725833333333 0.03875000000000006 0.04999999999999997
0 0.9678125 0.4646878333333333 0.016875000000000084 0.02750000000000008
0 0.976171875 0.6797395833333333 0.028124999999999956 0.0499999999999999
