0 0.214140625 0.587222 0.42750000000000005 0.253334
0 0.5344140625 0.8110417777777778 0.01937500000000003 0.02555499999999997
0 0.5629296875 0.6743745555555556 0.06937499999999996 0.07999999999999997
0 0.573359375 0.7902782222222222 0.043749999999999956 0.0699999999999999
0 0.6034375 0.7815976666666667 0.01750000000000007 0.05222199999999994
0 0.6161328125 0.6538196666666667 0.041874999999999996 0.05444400000000006
0 0.6645703125 0.7122217777777778 0.02562500000000001 0.05888899999999994
0 0.6981640625 0.5842363333333334 0.050000000000000044 0.07333299999999997
0 0.697734375 0.664027888888889 0.043749999999999956 0.09111099999999991
0 0.70609375 0.8571524444444445 0.05500000000000005 0.11111099999999999
0 0.7834375 0.6117358888888889 0.078125 0.06111100000000006
0 0.783828125 0.73125 0.0675 0.06444400000000004
0 0.8150390625 0.6525694444444444 0.08062499999999995 0.045556000000000076
0 0.828671875 0.831319 0.09000000000000008 0.095556
