0 0.0732425 0.8802084999999998 0.079101 0.04947900000000013
0 0.178711125 0.81640675 0.22460899999999998 0.0885410000000002
0 0.28613299999999997 0.8984374166666668 0.094726 0.04427099999999987
0 0.287109375 0.5703123333333334 0.012695000000000012 0.04296899999999989
0 0.38964825 0.790365 0.10253900000000005 0.09375
0 0.4648439375 0.7864584166666666 0.04492199999999996 0.04557299999999994
0 0.466797 0.7460938333333332 0.03222599999999998 0.026042000000000048
0 0.5000003125 0.7773435833333334 0.027343000000000006 0.0820309999999999
0 0.5878905 0.8111977500000002 0.04882799999999998 0.024739999999999835
0 0.774414125 0.52083325 0.004883000000000082 0.009114999999999984
0 0.789062125 0.5078121666666666 0.004883000000000082 0.006511000000000082
0 0.792969125 0.4908851666666667 0.004881999999999942 0.0052089999999999454
0 0.8046875625 0.47916625 0.002930000000000099 0.009114999999999984
0 0.8085935625 0.4544270833333333 0.003905999999999965 0.005207999999999953
0 0.8945316875 0.43489633333333333 0.007812000000000041 0.013019999999999957
0 0.9121096875 0.45312525 0.006836000000000064 0.009113999999999992
0 0.9453128125 0.47786424999999993 0.01074200000000003 0.009114999999999984
0 0.946289125 0.5000000833333332 0.005859000000000059 0.005208000000000028
0 0.9667966875 0.5078124166666668 0.005859999999999976 0.013020999999999875
