0 0.3740625 0.38252709843937577 0.20499999999999996 0.231951
0 0.0078125 0.08223900480192076 0.0175 0.061443999999999985
0 0.0185546875 0.16548556902761102 0.03875 0.11520700000000002
0 0.0419921875 0.7163895390156063 0.085 0.23809599999999997
0 0.093046875 0.49273925690276116 0.12125 0.21351699999999996
0 0.06359375 0.1299616482593037 0.055 0.10445499999999998
0 0.13203125 0.7113946974789916 0.16499999999999998 0.21966200000000002
0 0.2810546875 0.9559958067226891 0.16249999999999998 0.08448499999999996
0 0.370546875 0.19740804921968785 0.058750000000000024 0.11674299999999997
0 0.4519921875 0.918277212484994 0.21000000000000002 0.15821799999999991
0 0.441328125 0.1716818907563025 0.09875 0.13517600000000002
0 0.561640625 0.2624279003601441 0.23875000000000002 0.25499199999999994
0 0.5076171875 0.6938646134453782 0.11625000000000002 0.16897099999999998
0 0.6783203125 0.387845093637455 0.12 0.17050699999999994
0 0.8084765625 0.07803121248499399 0.37875000000000003 0.156682
0 0.8178125 0.535311093637455 0.14125 0.17050699999999994
0 0.876328125 0.25851652941176473 0.09875 0.11827900000000001
0 0.9629296875 0.2850686926770708 0.07000000000000006 0.159754
