0 0.4724609375 0.6117945401459853 0.29687499999999994 0.42990700000000004
0 0.046875 0.7195923211678833 0.09375 0.23598099999999997
0 0.1025395625 0.41526744525547443 0.15937400000000002 0.252336
0 0.1521484375 0.6740465766423358 0.092187 0.12850499999999995
0 0.1791010625 0.552261306569343 0.08125100000000002 0.11448600000000009
0 0.23125 0.3857695912408759 0.157812 0.24999999999999997
0 0.2021484375 0.748226700729927 0.09218699999999999 0.14719600000000005
0 0.26855418750000004 0.6740497445255474 0.084375 0.10747699999999988
0 0.36484425 0.17987965693430658 0.13437500000000002 0.18691499999999997
0 0.351953125 0.3586224087591241 0.09843800000000003 0.15186900000000003
0 0.360938 0.5645028394160585 0.09375 0.28504699999999994
0 0.455078125 0.3262121824817518 0.067187 0.09813099999999998
0 0.5359375 0.39133340875912415 0.07968800000000004 0.15186899999999995
0 0.565625 0.1620679708029197 0.09375 0.161215
0 0.5921875 0.8048739051094892 0.140625 0.22196299999999997
0 0.699609875 0.26426725547445257 0.21562499999999996 0.296729
0 0.6564453125 0.4693188905109489 0.089063 0.10280400000000012
0 0.7451171875 0.7771271751824816 0.14687499999999998 0.23831699999999997
0 0.7376958125 0.941864598540146 0.10468699999999997 0.10981399999999995
0 0.929296375 0.7493857810218978 0.1375010000000001 0.20560800000000007
