0 0.5227734374999999 0.6284375 0.28062499999999996 0.29750000000000004
0 0.02734375 0.14166633333333334 0.055 0.04416699999999999
0 0.0478515625 0.072708 0.09625 0.09500000000000001
0 0.0608984375 0.17177083333333334 0.093125 0.090833
0 0.08265625 0.3845315833333333 0.10187500000000001 0.08250000000000002
0 0.1355078125 0.23119758333333332 0.07312499999999998 0.080834
0 0.2113671875 0.257292 0.148125 0.15833300000000006
0 0.23265625 0.4227083333333333 0.10312499999999997 0.13750000000000004
0 0.2876171875 0.5386461666666666 0.178125 0.224166
0 0.2352734375 0.3207809166666667 0.06062500000000001 0.062499999999999965
0 0.27445312499999996 0.20218716666666667 0.06812500000000002 0.06916699999999998
0 0.330078125 0.20375 0.06812499999999999 0.06333300000000001
0 0.4332421875 0.4103645833333333 0.08500000000000002 0.080833
0 0.4503515625 0.2096875 0.09687499999999999 0.111667
0 0.46640625 0.15015625000000002 0.10312500000000002 0.07083299999999998
0 0.491328125 0.3334378333333334 0.0675 0.08999999999999993
0 0.518828125 0.22671908333333335 0.09937499999999999 0.06749999999999996
0 0.69640625 0.27718716666666665 0.16437500000000005 0.194167
0 0.6679296875 0.16723958333333333 0.03874999999999995 0.05166700000000002
0 0.7663671875 0.15932291666666668 0.17874999999999996 0.15499999999999997
0 0.7381640625 0.03515625 0.08062500000000006 0.0725
0 0.8084765625 0.5936458333333333 0.15875000000000006 0.1825000000000001
0 0.808046875 0.28249966666666665 0.08999999999999997 0.08416700000000003
0 0.8679296875 0.4856770833333333 0.06874999999999998 0.0966669999999999
0 0.92234375 0.3356253333333334 0.08750000000000002 0.07416599999999995
0 0.942265625 0.8103649166666668 0.11375000000000002 0.12416599999999993
0 0.956640625 0.5490625 0.08374999999999999 0.205
0 0.9549609375 0.44218716666666663 0.07625000000000004 0.06999999999999999
0 0.9773828125 0.36796875 0.04249999999999998 0.088333
