0 0.2765625 0.52671875 0.01687500000000003 0.024166999999999977
0 0.28796875 0.49552083333333335 0.025000000000000022 0.027500000000000007
0 0.3262109375 0.5243229166666666 0.014999999999999958 0.029166999999999943
0 0.366484375 0.5420836666666666 0.012500000000000011 0.022499999999999964
0 0.4537109375 0.5352600833333333 0.04562499999999997 0.03416699999999998
0 0.5387890625 0.5305725833333333 0.04999999999999993 0.050000000000000044
0 0.5306640625 0.5857815833333334 0.01937500000000003 0.020832999999999952
0 0.5500390625 0.56588575 0.018124999999999947 0.025832999999999995
0 0.5844921875 0.5409899166666666 0.023125000000000062 0.029166000000000025
0 0.587265625 0.604792 0.020625000000000004 0.03249999999999997
0 0.6127734375 0.5965621666666666 0.030000000000000027 0.038333999999999945
0 0.6364453125 0.5510940833333332 0.026249999999999996 0.034166000000000064
0 0.7421484375 0.7035940833333334 0.02937499999999993 0.034999999999999844
0 0.7729296875 0.5808333333333334 0.03749999999999998 0.04416699999999999
0 0.7931640625 0.6618229166666666 0.01937499999999992 0.030833000000000037
0 0.804140625 0.5724475833333332 0.020624999999999893 0.020000000000000018
0 0.8194921875 0.5959899166666668 0.023125000000000062 0.029999999999999877
0 0.84734375 0.632292 0.02375000000000005 0.03250000000000012
0 0.8551953125 0.577292 0.02562500000000001 0.0324999999999999
0 0.866875 0.6475003333333333 0.03125 0.043333000000000066
0 0.8905859375 0.7642705 0.04625000000000001 0.04916700000000004
0 0.9376953125 0.7608850833333333 0.026874999999999982 0.06750000000000005
0 0.96375 0.7805725833333333 0.03125 0.05000000000000012
0 0.9675 0.6984375000000002 0.03125 0.048332999999999814
0 0.9851953125 0.8686458333333333 0.026874999999999982 0.05749999999999996
