0 0.2462890625 0.46797178645066273 0.018125000000000002 0.02735799999999998
0 0.366953125 0.4178562783505154 0.0050000000000000044 0.02075500000000009
0 0.40828125 0.3018182783505155 0.009375000000000022 0.022642000000000006
0 0.41265625 0.5212160324005892 0.00874999999999998 0.025471999999999884
0 0.4944140625 0.3961582783505154 0.018750000000000044 0.02169799999999997
0 0.51484375 0.14744780265095728 0.024374999999999925 0.038678999999999984
0 0.51078125 0.38884229455081 0.009375000000000022 0.03301800000000007
0 0.5442578125 0.2688002783505155 0.009999999999999898 0.022640999999999935
0 0.5646875 0.2466880324005891 0.015625 0.02547100000000002
0 0.5885546875 0.4052935405007364 0.006250000000000089 0.030188999999999928
0 0.64453125 0.26378454050073635 0.008750000000000036 0.03207499999999998
0 0.6523046875 0.3698587864506627 0.007499999999999951 0.029245000000000018
0 0.660234375 0.38000577025036814 0.011874999999999969 0.01698100000000001
0 0.6617578125 0.2244602783505155 0.010624999999999996 0.020754999999999964
0 0.7134375 0.56242629455081 0.015625 0.03490599999999997
