0 0.4990234375 0.5493753333333333 0.999375 0.3875
0 0.0412109375 0.7803125 0.014374999999999999 0.016666999999999987
0 0.16390625 0.8356774166666666 0.008750000000000008 0.014999999999999977
0 0.2025390625 0.8405208333333333 0.019375000000000003 0.027500000000000007
0 0.3198828125 0.7916145833333333 0.010000000000000009 0.019166999999999934
0 0.332734375 0.7419794999999999 0.012499999999999956 0.01750000000000007
0 0.3396875 0.7661455 0.01687500000000003 0.015833999999999904
0 0.3430078125 0.7469795 0.010624999999999996 0.01583300000000006
0 0.4146875 0.78005175 0.01687500000000003 0.024166999999999977
0 0.43296875 0.5965104166666667 0.023749999999999993 0.01416700000000004
0 0.4959375 0.6912496666666668 0.015625000000000056 0.022499999999999964
