0 0.046223875 0.7379553125 0.027344 0.05664099999999994
0 0.0543618125 0.3662109375 0.041667 0.04622399999999999
0 0.051431875 0.4495446875 0.027343999999999993 0.037760000000000016
0 0.14257799999999998 0.4860030625 0.063151 0.04947899999999994
0 0.1432295 0.625650625 0.047526 0.05143299999999995
0 0.16992225 0.34895875 0.039713 0.05598900000000001
0 0.1904299375 0.933593375 0.04622399999999999 0.04427100000000006
0 0.3199868125 0.5869138125 0.041016 0.04101600000000005
0 0.3395184375 0.447265875 0.029297000000000017 0.028646000000000005
0 0.3577478125 0.346354125 0.042316999999999994 0.03580699999999998
0 0.4026693125 0.44531275 0.02604200000000001 0.025390000000000024
0 0.4479165 0.1149089375 0.04752600000000001 0.045573
0 0.472656125 0.723958625 0.03580700000000003 0.05273400000000006
0 0.4886063125 0.448567875 0.025391000000000052 0.02734399999999998
0 0.503254875 0.339193 0.027344000000000035 0.03125
0 0.50781275 0.1806643125 0.024088000000000054 0.02604099999999998
0 0.5270185625 0.6761066875 0.03385399999999994 0.037760000000000016
0 0.572265375 0.403645375 0.04427100000000006 0.044271000000000005
0 0.576171625 0.7672521875 0.05143300000000006 0.053385999999999934
0 0.6435549375 0.419922125 0.04622399999999993 0.03580700000000003
0 0.6487631875 0.9111330625 0.053385000000000016 0.050780999999999965
0 0.7236329375 0.634114375 0.04622399999999993 0.042969000000000035
