0 0.0107421875 0.09408067496339678 0.021875 0.038461
0 0.023359375 0.14407134992679357 0.043125 0.078799
0 0.0623046875 0.15111931918008784 0.037500000000000006 0.054409000000000006
0 0.1185546875 0.6534081903367497 0.037500000000000006 0.05065600000000001
0 0.1929296875 0.1752117057101025 0.037500000000000006 0.06285199999999999
0 0.363125 0.37438431918008785 0.03187500000000004 0.05347100000000003
0 0.4064453125 0.05461057686676428 0.026875000000000038 0.060976
0 0.4940234375 0.2632083499267936 0.030625000000000013 0.07879899999999995
0 0.5090625 0.3842655095168375 0.04875000000000007 0.10318899999999995
0 0.542421875 0.045160478770131775 0.05874999999999997 0.080675
0 0.6468359375 0.18939696339677892 0.04625000000000001 0.06941900000000002
0 0.689296875 0.3269100307467057 0.028124999999999956 0.02345199999999997
0 0.772734375 0.01903367496339678 0.04375000000000007 0.040338
0 0.80421875 0.06357970571010249 0.05500000000000005 0.06379
0 0.7926171875 0.830250159590044 0.021874999999999978 0.029080999999999923
0 0.8273046875 0.3376149633967789 0.03875000000000006 0.06941800000000005
0 0.8422265625 0.03074670571010249 0.03437499999999993 0.061914
0 0.8619921875 0.5905120307467057 0.02187500000000009 0.02345200000000001
0 0.92453125 0.6519440614934114 0.04062500000000002 0.04690399999999994
0 0.976875 0.34203328843338215 0.03312499999999996 0.03189499999999997
0 0.9764453125 0.6526535461200585 0.02562500000000001 0.03564800000000006
