0 0.7789453125 0.6445564502923977 0.08875 0.13951299999999994
0 0.0765234375 0.5049608479532164 0.03 0.040261999999999964
0 0.0940625 0.5154409064327485 0.016875 0.02434499999999997
0 0.1051171875 0.5387349298245614 0.021875000000000006 0.01966200000000006
0 0.1169140625 0.5221108830409357 0.018125000000000002 0.03183499999999995
0 0.13421875 0.5239828830409357 0.024375000000000008 0.02996299999999998
0 0.1457421875 0.5435309064327485 0.02312499999999998 0.025280999999999956
0 0.183125 0.5193507777777777 0.03312499999999999 0.056180000000000084
0 0.1825390625 0.2818848947368421 0.019375000000000003 0.027152999999999965
0 0.1869921875 0.3474278947368421 0.021875000000000006 0.029025999999999986
0 0.1989453125 0.6954468596491228 0.02687500000000001 0.03651600000000001
0 0.1978125 0.3648068830409357 0.016875 0.02996299999999998
0 0.2085546875 0.5285337192982457 0.037500000000000006 0.07303299999999997
0 0.233828125 0.24967159064327488 0.06812499999999999 0.10299599999999996
0 0.2137109375 0.37124690643274855 0.014374999999999999 0.024344000000000005
0 0.219140625 0.6462318713450292 0.020625000000000004 0.03277099999999993
0 0.22875 0.3848148128654971 0.03125 0.04962599999999997
0 0.227265625 0.621771894736842 0.01999999999999999 0.029026000000000027
0 0.2369921875 0.5984788713450293 0.023125000000000007 0.03370799999999997
0 0.2365625 0.5180698479532164 0.015625 0.038388999999999944
0 0.2451953125 0.40184987134502925 0.02562499999999998 0.03277099999999993
0 0.2475390625 0.5001638713450293 0.01812500000000003 0.034645
0 0.2475390625 0.572146894736842 0.01812500000000003 0.02715300000000009
0 0.25171875 0.48120791812865493 0.024375000000000036 0.022472000000000034
0 0.25886718750000004 0.41671589473684206 0.021875000000000006 0.02715400000000006
0 0.2613671875 0.5491489064327485 0.021875000000000033 0.02528100000000004
0 0.2606640625 0.465289918128655 0.018125000000000002 0.02153599999999997
0 0.2669140625 0.5285499064327486 0.01937500000000003 0.02528100000000004
0 0.2744140625 0.5001638713450293 0.019374999999999976 0.03277199999999998
0 0.2756640625 0.24829187134502922 0.018125000000000002 0.032771000000000015
0 0.2826953125 0.48079690643274847 0.02562500000000001 0.02621700000000002
0 0.2853125 0.4557458596491228 0.016874999999999973 0.03651699999999997
0 0.296328125 0.41441569590643274 0.03687499999999999 0.07677999999999999
0 0.2903125 0.5262668947368422 0.015625 0.029026000000000027
0 0.3003125 0.5427098830409356 0.01687500000000003 0.030898999999999965
0 0.30859375 0.5060118245614036 0.02437499999999998 0.044007999999999915
0 0.3062109375 0.29259490643274855 0.013749999999999984 0.02621699999999998
0 0.3081640625 0.2537948947368421 0.01874999999999999 0.02809
0 0.3144140625 0.2718809298245614 0.018125000000000002 0.01966300000000003
0 0.3215234375 0.4490768830409357 0.030625000000000013 0.030898999999999965
0 0.3171875 0.5479168713450292 0.016874999999999973 0.03277199999999998
0 0.3238671875 0.293005918128655 0.023125000000000007 0.02059899999999997
0 0.3308203125 0.4119688128654971 0.02562500000000001 0.04775299999999999
0 0.3280859375 0.5385538713450293 0.015000000000000013 0.032771000000000015
0 0.3437890625 0.5151458713450292 0.019374999999999976 0.03464399999999995
0 0.3450390625 0.4064158947368421 0.018125000000000002 0.027153999999999977
0 0.3544140625 0.5099378830409357 0.01874999999999999 0.030899000000000048
0 0.36734375 0.49641887134502927 0.02437499999999998 0.03464399999999995
0 0.3669140625 0.40495390643274853 0.018124999999999947 0.02340899999999999
0 0.3752734375 0.46739287134502927 0.030625000000000013 0.034644000000000036
0 0.3751171875 0.4181778830409356 0.021874999999999978 0.029963000000000063
0 0.3769140625 0.4366749298245614 0.018125000000000002 0.01966300000000003
0 0.3940625 0.47675587134502917 0.015625 0.032772000000000065
0 0.40984375 0.49934284795321643 0.02437499999999998 0.038389999999999994
0 0.4281640625 0.48372088304093563 0.018125000000000002 0.029963000000000063
0 0.4328125 0.457799918128655 0.016249999999999987 0.02059899999999993
0 0.44796875 0.4302349064327485 0.02437499999999998 0.02528100000000004
0 0.4500390625 0.45551590643274853 0.01937500000000003 0.02621700000000002
0 0.4701171875 0.5057818713450293 0.023125000000000007 0.03277199999999998
0 0.4709375 0.4271308713450292 0.015625 0.034644000000000036
0 0.472890625 0.4794498947368421 0.020625000000000004 0.02715400000000006
0 0.4796875 0.4569778947368421 0.015625 0.02808999999999996
0 0.4868359375 0.4231549181286549 0.015000000000000013 0.020600000000000066
0 0.489765625 0.4441649298245614 0.020625000000000004 0.01966300000000003
0 0.5092578125 0.49950671929824564 0.04249999999999998 0.07116199999999998
0 0.503671875 0.40746787134502926 0.028124999999999956 0.03277099999999993
0 0.5306640625 0.4678038830409356 0.018125000000000058 0.030898000000000078
0 0.5378125 0.5132728713450292 0.016249999999999987 0.03464399999999995
0 0.5419921875 0.4462678830409357 0.021874999999999978 0.030898999999999965
0 0.5566015625 0.4035418128654971 0.03437499999999993 0.04775299999999999
0 0.5540625 0.43398090643274856 0.016874999999999973 0.02528100000000004
0 0.5555078125 0.5182499064327485 0.011249999999999982 0.02528100000000004
0 0.5778125 0.5032527192982456 0.0475000000000001 0.07116100000000002
0 0.5930859375 0.32950573099415204 0.0462499999999999 0.06741600000000002
0 0.6057421875 0.46926587134502923 0.021874999999999978 0.034644000000000036
0 0.6246875 0.4640578830409357 0.016875000000000084 0.030899000000000048
0 0.6344140625 0.4500128830409357 0.018125000000000058 0.030898999999999965
0 0.6412890625 0.4260788947368421 0.018750000000000044 0.02902700000000008
0 0.6475390625 0.5309478947368421 0.01937499999999992 0.029025999999999944
0 0.6594921875 0.5046159181286549 0.02312499999999995 0.02153599999999997
0 0.6829296875 0.4658648011695906 0.038124999999999964 0.05149799999999998
0 0.6856640625 0.4064158947368421 0.018124999999999947 0.029026999999999997
0 0.688515625 0.4354428947368421 0.020000000000000018 0.027153000000000007
0 0.7062890625 0.5126319064327486 0.01937500000000003 0.023408999999999906
0 0.7065625 0.4335698947368421 0.015625 0.029026000000000027
0 0.715390625 0.5351039064327485 0.021250000000000102 0.023407999999999936
0 0.7159375 0.4854789064327485 0.016249999999999987 0.02528100000000004
0 0.7159375 0.4171269064327485 0.01749999999999996 0.02621700000000002
0 0.7295703125 0.62908183625731 0.026874999999999982 0.04213500000000006
0 0.73375 0.6833237543859649 0.03187499999999999 0.06366999999999998
0 0.7331640625 0.4115089064327485 0.018125000000000058 0.024344000000000005
0 0.7331640625 0.5222258596491227 0.018125000000000058 0.03651600000000001
0 0.7370703125 0.43959890643274857 0.026874999999999982 0.025280999999999956
0 0.7395703125 0.6067908947368421 0.026874999999999982 0.028090000000000042
0 0.7450390625 0.5033838830409356 0.01937500000000003 0.030898999999999965
0 0.7487890625 0.4233848713450293 0.01937500000000003 0.034645
0 0.7500390625 0.5937968713450292 0.01937500000000003 0.03277199999999998
0 0.7503125 0.6935738596491228 0.016874999999999973 0.036517000000000056
0 0.767578125 0.5096917426900586 0.036250000000000004 0.06554299999999992
0 0.7625390625 0.5825608713450292 0.01937499999999992 0.03277199999999998
0 0.763515625 0.6761938713450293 0.020625000000000004 0.03464499999999992
0 0.7744140625 0.4604278596491228 0.01937500000000003 0.03651699999999997
0 0.7781640625 0.5744299064327485 0.01937499999999992 0.02621700000000002
0 0.7961328125 0.4351957543859649 0.04249999999999998 0.06179799999999993
0 0.7932421875 0.5658218479532163 0.022500000000000075 0.03839000000000008
0 0.7930859375 0.5310628713450293 0.015000000000000013 0.03370799999999997
0 0.8062890625 0.5566399064327485 0.01937500000000003 0.02340800000000002
0 0.8080859375 0.521584894736842 0.014375000000000027 0.02715400000000006
0 0.816484375 0.4116238830409357 0.012499999999999956 0.030898999999999965
0 0.8209375 0.5080658830409357 0.01749999999999996 0.030898999999999965
0 0.8532421875 0.529765754385965 0.053749999999999964 0.06366999999999998
0 0.8359375 0.4191138830409357 0.016874999999999973 0.030898999999999965
0 0.8537890625 0.4425228830409357 0.018125000000000058 0.029962000000000013
0 0.85140625 0.4153688830409357 0.008749999999999925 0.030898999999999965
0 0.8601953125 0.4901599064327486 0.02562500000000001 0.026217999999999908
0 0.8612890625 0.4640578830409357 0.01937499999999992 0.030899000000000048
0 0.8689453125 0.4181118011695906 0.02562500000000001 0.052435000000000016
0 0.8969921875 0.5153758245614035 0.023125000000000062 0.04400699999999995
0 0.92875 0.484065812865497 0.03187499999999999 0.04775299999999999
