0 0.426745125 0.7796880903790087 0.16166600000000003 0.20149199999999995
0 0.0166015625 0.26607534110787173 0.035 0.049751000000000004
0 0.304348625 0.31737075218658894 0.5833339999999999 0.547264
0 0.2515625 0.8912942973760933 0.203333 0.14676599999999995
0 0.3641279375 0.6506170670553936 0.046665999999999985 0.054726999999999956
0 0.4757685625 0.941995860058309 0.15833300000000006 0.109452
0 0.74515625 0.1444892390670554 0.32166700000000004 0.276119
0 0.6856640625 0.6962350233236151 0.11166699999999996 0.1492530000000002
0 0.8463545 0.9919351778425656 0.10999999999999999 0.009949999999999976
0 0.934167 0.26069381049562684 0.12666600000000006 0.41790999999999995
