0 0.1439453125 0.7763887565982405 0.026249999999999996 0.03001900000000009
0 0.223125 0.5925872375366569 0.03125 0.056285
0 0.239921875 0.7672448592375366 0.028749999999999998 0.043152
0 0.25140625 0.5926973782991203 0.00874999999999998 0.016884999999999952
0 0.314765625 0.7690107184750734 0.08250000000000002 0.08255199999999997
0 0.3015625 0.5493717565982404 0.016249999999999987 0.030019000000000007
0 0.306015625 0.5783342052785924 0.02124999999999999 0.024390000000000012
0 0.3148046875 0.6740826862170087 0.03875000000000001 0.05253300000000004
0 0.316015625 0.6231895835777126 0.019999999999999962 0.03939899999999999
0 0.3278125 0.6177342052785924 0.016249999999999987 0.026266000000000074
0 0.333671875 0.5815038592375367 0.028749999999999998 0.04315199999999992
0 0.3626953125 0.6244187565982404 0.026249999999999996 0.030019000000000007
0 0.372578125 0.5833798592375367 0.036250000000000004 0.041275999999999945
0 0.373125 0.6846928592375366 0.03125 0.043152
0 0.3928515625 0.7747021994134897 0.03375 0.11069399999999993
0 0.424375 0.6673971348973606 0.03125 0.045029000000000124
0 0.4509765625 0.5907112375366569 0.065 0.05816099999999998
0 0.4571484375 0.7895217565982405 0.02999999999999997 0.031894999999999986
0 0.4660546875 0.8293314809384166 0.03749999999999998 0.028142999999999863
0 0.4982421875 0.6450567565982405 0.02250000000000002 0.030019000000000007
0 0.5293359375 0.6294644105571847 0.01375000000000004 0.04878000000000011
0 0.543515625 0.8237034809384164 0.021250000000000102 0.028142000000000052
0 0.556015625 0.6108760322580645 0.020000000000000018 0.03377099999999997
0 0.769765625 0.66383457771261 0.08250000000000002 0.123828
0 0.8366015625 0.7501227565982405 0.03375000000000006 0.0318949999999999
0 0.8622265625 0.6027876862170087 0.06500000000000006 0.05065700000000006
0 0.8824609375 0.6613594105571847 0.04625000000000001 0.048780000000000025
0 0.9028515625 0.7541118592375368 0.03500000000000003 0.043150999999999946
