0 0.066328125 0.5897286383601757 0.035625000000000004 0.10777899999999996
0 0.1121484375 0.44798106149341144 0.029374999999999984 0.047797000000000006
0 0.18109375 0.2871308345534407 0.056249999999999994 0.06560500000000002
0 0.1702734375 0.748707803806735 0.030624999999999986 0.041236999999999926
0 0.1986328125 0.36562331918008784 0.04124999999999998 0.054358000000000024
0 0.1969921875 0.7837946749633968 0.021875000000000006 0.038424999999999855
0 0.2461328125 0.5647172518301611 0.07312500000000002 0.09747000000000006
0 0.2516796875 0.3205210614934114 0.06937499999999999 0.047796999999999965
0 0.2649609375 0.6601358960468521 0.07687500000000003 0.11152700000000006
0 0.265234375 0.3708364480234261 0.07562500000000003 0.05623199999999999
0 0.27453125 0.42853257686676427 0.070625 0.060919000000000036
0 0.25777343750000004 0.7741290614934114 0.031249999999999972 0.047797000000000006
0 0.2623046875 0.9007683191800879 0.03874999999999998 0.0543579999999999
0 0.2845703125 0.4945474480234261 0.02562500000000001 0.057169999999999964
0 0.2875 0.8963759326500733 0.033125000000000016 0.04592299999999983
0 0.3033984375 0.2783460614934114 0.06124999999999997 0.04967199999999999
0 0.3142578125 0.9169348345534407 0.073125 0.06466699999999997
0 0.32890625 0.5709846383601757 0.10249999999999998 0.10777799999999998
0 0.3658203125 0.30521075549048315 0.15125 0.29147200000000006
0 0.3584375 0.6716154114202051 0.10999999999999999 0.12371099999999986
0 0.3463671875 0.24870977306002928 0.05312499999999998 0.01874399999999997
0 0.369375 0.27061554612005856 0.06437500000000002 0.03655099999999997
0 0.3784375 0.5089512825768667 0.07937500000000003 0.12277400000000002
0 0.367890625 0.9482165461200586 0.05124999999999996 0.036551000000000014
0 0.3971875 0.7560846076134699 0.10999999999999999 0.0824740000000001
0 0.395 0.6002189326500733 0.03187499999999999 0.045922999999999915
0 0.4383203125 0.47334615959004395 0.02562500000000001 0.02717899999999995
0 0.4452734375 0.595183159590044 0.030625000000000013 0.028116000000000037
0 0.4561328125 0.06278906149341142 0.04250000000000004 0.04967200000000001
0 0.456171875 0.849044963396779 0.02812500000000001 0.06935399999999985
0 0.4678125 0.4880475461200586 0.04749999999999999 0.03655099999999993
0 0.4744140625 0.09248544802342606 0.04999999999999999 0.05716999999999999
0 0.4669921875 0.561970288433382 0.021875000000000033 0.0309280000000001
0 0.4758984375 0.5354346749633968 0.029374999999999984 0.0403
0 0.5078515625 0.07403112298682284 0.065 0.09653199999999999
0 0.499453125 0.5128254172767203 0.03687500000000005 0.03467600000000003
0 0.5308203125 0.5896724787701317 0.08812499999999995 0.08059899999999995
0 0.528125 0.5038632884333821 0.03312500000000007 0.030928000000000018
0 0.6091796875 0.2491038901903367 0.1625000000000001 0.20431100000000002
0 0.6215625 0.4449237306002929 0.171875 0.17619500000000005
0 0.5886328125 0.6765388653001464 0.10375000000000001 0.08809700000000001
0 0.6205859375 0.6104717730600293 0.013749999999999929 0.019681000000000056
0 0.6243359375 0.5950659019033675 0.014374999999999916 0.022492999999999957
0 0.638671875 0.3491080307467057 0.028124999999999956 0.023430000000000003
0 0.6472265625 0.28625393265007326 0.034375000000000044 0.04498599999999996
0 0.6465234375 0.5927810307467057 0.02937500000000004 0.024367999999999935
0 0.6770703125 0.5026287364568083 0.0881249999999999 0.085286
0 0.6671875 0.8699014172767203 0.046875 0.03467600000000003
0 0.680078125 0.32760819033674965 0.06812499999999999 0.050608999999999994
0 0.67046875 0.5803645153733529 0.024375000000000036 0.01405800000000006
0 0.81953125 0.4236495285505124 0.2587499999999999 0.309278
0 0.7840234375 0.8710719326500732 0.030625000000000013 0.04404800000000002
0 0.79 0.8397330614934114 0.03312499999999996 0.04779799999999998
0 0.8283203125 0.8332893191800878 0.057499999999999996 0.05342100000000014
0 0.8717578125 0.8048235461200586 0.041874999999999996 0.036551000000000014
0 0.9448046875 0.46941586530014645 0.03874999999999995 0.08809799999999998
0 0.9506640625 0.8660923191800879 0.04999999999999993 0.0543579999999999
0 0.947890625 0.5328000307467057 0.02124999999999999 0.023430000000000045
