0 0.124461125 0.8160356140350877 0.224516 0.09925099999999988
0 0.099668375 0.9261938713450293 0.013132999999999992 0.033707999999999884
0 0.1106509375 0.8633448947368422 0.014383999999999994 0.02715400000000006
0 0.13519518749999998 0.7702378830409357 0.021888000000000005 0.030898999999999965
0 0.2130606875 0.9405349064327485 0.006879999999999997 0.02340800000000002
0 0.223967125 0.9249129415204678 0.0050030000000000074 0.014980999999999923
0 0.23967825 0.8157729532163742 0.008129999999999998 0.01310900000000012
0 0.249761375 0.8710658479532164 0.012508000000000019 0.03838900000000011
0 0.3200508125 0.8176786608187134 0.10506500000000002 0.0861420000000001
0 0.291663375 0.918473918128655 0.013133000000000006 0.02059899999999993
0 0.3510313125 0.8697849181286549 0.02564099999999997 0.021535000000000082
0 0.4491021875 0.8307876608187136 0.14821800000000002 0.08707799999999992
0 0.473805625 0.7813589064327485 0.02063799999999999 0.02340800000000002
0 0.5474043125 0.8278798713450294 0.025641000000000025 0.03464399999999987
0 0.6645918125 0.8200115672514621 0.26141400000000004 0.10954999999999995
0 0.5741420625 0.8345488479532164 0.019387000000000043 0.03839000000000008
0 0.606224375 0.9018987660818713 0.04315199999999997 0.05992499999999999
0 0.6025595 0.9800908596491229 0.016884999999999928 0.03651699999999997
0 0.670178625 0.8863428830409358 0.02001199999999992 0.03183499999999995
0 0.67307425 0.745252918128655 0.00812999999999997 0.021535
0 0.796507625 0.7519218947368421 0.020637999999999934 0.02715400000000006
0 0.8011590625 0.7738679064327485 0.018761999999999945 0.02434499999999997
0 0.8192189375 0.7985079415204679 0.014384000000000063 0.014982000000000058
0 0.827623375 0.7869769064327485 0.012506999999999935 0.02340800000000002
0 0.84974275 0.8270578479532165 0.024390000000000023 0.03838999999999991
0 0.8522878125 0.7821799298245614 0.011257000000000073 0.01779000000000001
0 0.8702265 0.7999048479532164 0.016885999999999957 0.03838900000000011
0 0.916409375 0.8030587777777778 0.07442100000000007 0.056180000000000084
0 0.898917375 0.8638708830409357 0.011882999999999977 0.030898999999999965
0 0.924558375 0.924206894736842 0.011882999999999977 0.027152999999999924
0 0.9521865625 0.8364218479532165 0.03439599999999998 0.04026199999999988
0 0.9524269375 0.7676099415204679 0.014384000000000063 0.016854000000000025
0 0.97825525 0.9394016608187135 0.04065099999999999 0.08614199999999993
0 0.9666566875 0.8918459064327485 0.007504999999999984 0.02340800000000002
0 0.9725160625 0.7978018947368422 0.019387000000000043 0.02715400000000006
0 0.9800210625 0.8387709415204678 0.01813600000000004 0.016854000000000025
0 0.9859235 0.902555918128655 0.017511000000000054 0.022472000000000034
0 0.989127625 0.8839438947368421 0.02001300000000006 0.029026999999999997
0 0.9947996875 0.8114358830409357 0.007504999999999984 0.02996299999999998
