0 0.923853625 0.8682148372093024 0.11475400000000002 0.16585299999999997
0 0.0341796875 0.8279355813953488 0.068852 0.10487800000000003
0 0.1482360625 0.15097120930232558 0.081967 0.07317099999999999
0 0.1833923125 0.5807071860465116 0.15081900000000004 0.08048799999999999
0 0.1742223125 0.23483416279069766 0.057376999999999984 0.085366
0 0.2206098125 0.0451076976744186 0.10491800000000001 0.07561
0 0.1962309375 0.3042613488372093 0.045902 0.039023999999999996
0 0.2201233125 0.4674771162790698 0.05737700000000001 0.09756099999999997
0 0.26393143750000003 0.2680937674418605 0.091803 0.060976000000000016
0 0.2536793125 0.6959588372093023 0.026228999999999975 0.04146299999999992
0 0.3306191875 0.37580158139534875 0.14754099999999998 0.231707
0 0.276978625 0.8413143255813953 0.021311999999999998 0.04390300000000008
0 0.3166015625 0.9398112790697674 0.03442600000000001 0.056097999999999974
0 0.3342500625 0.20317672093023256 0.04918 0.07073099999999999
0 0.3679784375 0.15050323255813952 0.06065600000000004 0.068293
0 0.4815411875 0.25495616279069766 0.20983599999999997 0.336585
0 0.65415 0.7454689069767442 0.532786 0.3999999999999999
0 0.4521423125 0.5912504651162791 0.08852400000000005 0.13658599999999996
0 0.4834300625 0.0188953488372093 0.04918100000000003 0.039024
0 0.6072133125 0.5253469069767441 0.18196800000000002 0.14878100000000002
0 0.563095625 0.0548636976744186 0.050819999999999976 0.078049
0 0.58308175 0.3956109302325581 0.055737000000000037 0.143903
0 0.784752375 0.1100753023255814 0.13770500000000008 0.051219000000000015
0 0.774045375 0.2648894418604651 0.10655799999999993 0.141463
0 0.7724415625 0.4032967906976745 0.09672100000000006 0.17804899999999993
0 0.86110375 0.9730718837209301 0.149181 0.031707000000000075
0 0.8658845625 0.2255956976744186 0.09672099999999995 0.078049
0 0.85521275 0.4339477674418605 0.055738000000000065 0.05853700000000001
0 0.8675939375 0.32554613953488376 0.07704899999999992 0.09268299999999997
0 0.9220060625 0.5144357674418605 0.08032800000000007 0.06097500000000002
0 0.922111625 0.044270860465116274 0.05245900000000003 0.036586
0 0.9469805625 0.24567479069767442 0.06557400000000002 0.05365899999999997
0 0.9670370625 0.3549132558139535 0.04918 0.06341500000000001
0 0.97526925 0.4402792558139535 0.04098299999999999 0.06341500000000001
0 0.9802224375 0.19009532558139536 0.02950799999999998 0.04634100000000001
