0 0.065233875 0.08697916666666668 0.028124999999999997 0.037499999999999985
0 0.11796875 0.11692708333333335 0.023438 0.035417
0 0.1156255 0.15468783333333333 0.017186999999999994 0.02708300000000004
0 0.15078075 0.10781216666666667 0.023438000000000014 0.0375
0 0.2119135625 0.04479166666666667 0.03437499999999999 0.05416699999999999
0 0.2423823125 0.10208333333333335 0.026562999999999976 0.04166699999999999
0 0.2419921875 0.03645866666666667 0.021874999999999978 0.054166
0 0.259375 0.20989616666666666 0.03281300000000001 0.03750000000000001
0 0.2953125 0.9882815833333334 0.04843700000000001 0.01874999999999997
0 0.310937 0.22682258333333336 0.03281299999999998 0.04999999999999997
0 0.321875 0.204167 0.03281299999999998 0.0625
0 0.3408203125 0.4229163333333334 0.026563000000000003 0.0416669999999999
0 0.3701171875 0.5354163333333334 0.05312499999999998 0.043749999999999956
0 0.371875 0.8309895833333334 0.03125 0.052082999999999956
0 0.3970703125 0.76744825 0.026561999999999975 0.039582999999999924
0 0.404687 0.4625000000000001 0.03125 0.0625
0 0.4068364375 0.9744791666666668 0.02968700000000002 0.03749999999999994
0 0.411328125 0.8984375 0.035938000000000025 0.04791699999999999
0 0.4513676875 0.9718746666666668 0.03749999999999998 0.05208399999999994
0 0.4556645625 0.5140628333333334 0.034374000000000016 0.05833299999999997
0 0.4779296875 0.5325524166666668 0.03906200000000004 0.04583300000000001
0 0.4771484375 0.8880205 0.029687999999999992 0.04791699999999999
0 0.4869140625 0.5778649166666666 0.04999999999999993 0.060416000000000025
0 0.5013666875 0.772917 0.03749999999999998 0.0625
0 0.5201171875 0.72369825 0.02343699999999993 0.03958300000000007
0 0.537890125 0.8343746666666666 0.035938000000000025 0.05416700000000022
0 0.5466796875 0.7520833333333332 0.03750000000000009 0.041667000000000044
0 0.5546875 0.7994791666666666 0.046875 0.03749999999999994
0 0.55703125 0.31562466666666666 0.03906300000000007 0.05208400000000002
0 0.585937 0.4192711666666667 0.03125 0.06874999999999994
0 0.6062495 0.3200524166666667 0.04843799999999998 0.04583300000000001
0 0.6091796875 0.9190100833333332 0.03750000000000009 0.03541700000000011
0 0.6306635625 0.70703125 0.03437599999999996 0.03958300000000007
0 0.641797375 0.804167 0.04374900000000004 0.06458300000000013
0 0.64140625 0.7479163333333334 0.04062500000000002 0.04374999999999988
0 0.65078175 0.4385416666666666 0.024998999999999993 0.054167000000000076
0 0.6656245 0.6947916666666666 0.046875 0.05416700000000022
0 0.665625 0.49140591666666666 0.03125 0.029166999999999943
0 0.6716796875 0.8067705 0.03906200000000004 0.04791700000000013
0 0.6931640625 0.7812503333333334 0.050000000000000044 0.04374999999999988
0 0.6826171875 0.4455729166666667 0.02343700000000004 0.029166999999999943
0 0.69609325 0.4843746666666666 0.03906299999999996 0.052084000000000095
0 0.7029296875 0.7192708333333334 0.03906200000000004 0.027082999999999895
0 0.7162109375 0.7648437500000002 0.04531200000000002 0.056249999999999765
0 0.7201176875 0.66953125 0.03906199999999993 0.039582999999999924
0 0.728515625 0.9802079999999999 0.051562 0.03333400000000012
0 0.779688 0.016927083333333332 0.03125 0.035417
0 0.8150390625 0.40885450000000007 0.04999999999999993 0.04791599999999999
0 0.8060551875 0.9580729166666666 0.02343699999999993 0.029167000000000165
0 0.830078625 0.4960940833333334 0.051562 0.03541599999999997
0 0.8150390625 0.5539059166666668 0.018749999999999933 0.02916699999999987
0 0.8400390625 0.4476559166666667 0.04999999999999993 0.029167000000000016
0 0.835546875 0.09791633333333333 0.028124999999999956 0.04166699999999999
0 0.863672375 0.4671878333333333 0.043749999999999956 0.02708300000000004
0 0.8580073125 0.87838575 0.026563000000000003 0.02500000000000006
0 0.894140625 0.5794270833333334 0.051563000000000025 0.03541700000000003
0 0.89609325 0.03723958333333333 0.03906300000000007 0.052083
0 0.901171875 0.9664059166666666 0.028125000000000067 0.02916699999999987
0 0.9056645625 0.9890624999999998 0.034373999999999905 0.016667000000000137
0 0.9169926875 0.6109378333333334 0.03906200000000004 0.027082999999999968
0 0.9154301875 0.64244825 0.02187399999999995 0.04166600000000006
0 0.9271484375 0.5455729166666666 0.02968700000000002 0.029167000000000016
0 0.942187 0.060677083333333326 0.03125 0.03541700000000001
0 0.9638666875 0.03619825 0.03750100000000001 0.039583
0 0.96640575 0.082292 0.02343800000000007 0.03333300000000001
