0 0.1544921875 0.1291473667546174 0.08562499999999999 0.14611500000000002
0 0.033203125 0.24901055408970976 0.068125 0.248311
0 0.08765624999999999 0.22522814248021106 0.070625 0.09375
0 0.0912890625 0.3889262691292876 0.05 0.06587799999999998
0 0.112734375 0.3087937915567282 0.044375 0.07094600000000002
0 0.1594140625 0.28034300791556727 0.08062500000000002 0.0625
0 0.153125 0.2262890079155673 0.06250000000000001 0.06081100000000001
0 0.1583984375 0.35355779155672823 0.06125 0.06925700000000003
0 0.18375 0.42128548548812667 0.031875000000000014 0.057433000000000026
0 0.1870703125 0.37747100791556726 0.02562500000000001 0.0625
0 0.213125 0.3949427915567283 0.03187499999999999 0.06925699999999992
0 0.25277343750000003 0.6764580079155673 0.031249999999999972 0.06081100000000001
0 0.2651953125 0.6303747467018469 0.02562500000000001 0.059122000000000015
0 0.3108984375 0.3797397915567282 0.030625000000000013 0.07094599999999998
0 0.331875 0.4323700079155673 0.03125 0.0625
0 0.3465234375 0.4162184854881267 0.02937500000000004 0.05743199999999993
0 0.7296484375 0.4201762691292876 0.06062500000000004 0.064189
0 0.7791015625 0.28846762005277043 0.06562500000000004 0.08952700000000001
0 0.793046875 0.42350491820580477 0.05999999999999994 0.04054099999999999
0 0.7996875 0.38022087335092347 0.04749999999999999 0.03125
0 0.793125 0.20659779155672822 0.032500000000000084 0.07094599999999998
0 0.8023828125 0.3017725751978892 0.041874999999999996 0.076858
0 0.8094921875 0.0860860079155673 0.053750000000000075 0.060811
0 0.823125 0.03826539577836412 0.0625 0.034628
0 0.830234375 0.17645800791556726 0.04312500000000008 0.0625
0 0.8348046875 0.08439700791556728 0.038124999999999964 0.0625
