0 0.5664065 0.4674476666666667 0.26562500000000006 0.30208399999999996
0 0.1103515625 0.28906208333333333 0.22168 0.252605
0 0.31152375 0.20963508333333336 0.18164000000000002 0.19140699999999997
0 0.3632811875 0.4062496666666666 0.11621100000000001 0.14583400000000005
0 0.4785159375 0.24479141666666668 0.23242200000000002 0.23307299999999997
0 0.493163875 0.1497395 0.18359399999999998 0.11067699999999998
0 0.691406375 0.7200525 0.137695 0.078125
0 0.7470704375 0.5755209166666666 0.21679700000000002 0.341146
0 0.7089846875 0.3776040833333334 0.10156200000000004 0.09895799999999999
0 0.81835975 0.7851559166666666 0.14941399999999994 0.24869800000000009
