0 0.2822266875 0.3229170833333333 0.10156200000000001 0.09895799999999995
0 0.115234 0.3307294166666666 0.0625 0.07552100000000002
0 0.1425781875 0.3971350833333333 0.053710999999999995 0.06510500000000004
0 0.1503903125 0.22916649999999997 0.05664100000000001 0.04817700000000006
0 0.1933594375 0.138021 0.092773 0.065104
0 0.1816409375 0.207031 0.04589800000000002 0.03255199999999999
0 0.2216795625 0.20963508333333333 0.03515599999999999 0.03515700000000003
0 0.2324215 0.38020883333333333 0.047852000000000006 0.02864499999999996
0 0.26757825 0.2382814166666667 0.07128900000000002 0.04557299999999994
0 0.2636718125 0.1640620833333333 0.041016 0.06510500000000004
0 0.2695311875 0.42838491666666667 0.05371100000000001 0.029948000000000013
0 0.316406 0.1927084166666667 0.06445299999999998 0.04557300000000001
0 0.3486324375 0.3085935 0.12304700000000002 0.14192699999999994
0 0.3183594375 0.4427079166666667 0.061522999999999994 0.06119799999999994
0 0.38769575 0.22526024999999997 0.05566399999999999 0.07161499999999998
0 0.423828625 0.13281216666666668 0.051757 0.03776099999999999
0 0.4746093125 0.26302074999999997 0.057616999999999974 0.05599000000000002
