0 0.267578125 0.49609375 0.536875 0.9925
0 0.4882421875 0.13453158333333334 0.05312500000000003 0.08166599999999997
0 0.5671875 0.5434899166666667 0.04875000000000007 0.029165999999999952
0 0.559609375 0.61171875 0.013125000000000053 0.024167000000000122
0 0.5636328125 0.3803125 0.010624999999999996 0.017499999999999998
0 0.6069140625 0.6598440833333333 0.08124999999999993 0.098333
0 0.5801171875 0.30932291666666667 0.02187500000000009 0.02916699999999998
0 0.5826171875 0.29218783333333337 0.02312499999999995 0.02833299999999998
0 0.61046875 0.725625 0.025000000000000022 0.03250000000000005
0 0.6131640625 0.7891663333333333 0.018125000000000058 0.041667000000000044
0 0.6293359375 0.5788541666666668 0.04499999999999993 0.06833299999999998
0 0.6353125 0.76338575 0.016875000000000084 0.024165999999999983
0 0.690625 0.5271878333333334 0.03249999999999997 0.027500000000000007
0 0.691875 0.4978128333333333 0.03249999999999997 0.058333000000000045
0 0.7151953125 0.55171875 0.02562500000000001 0.025832999999999995
0 0.7603125 0.4755208333333334 0.015625 0.02749999999999993
0 0.7738671875 0.4362496666666667 0.021874999999999978 0.022499999999999964
0 0.793359375 0.3994270833333333 0.011874999999999969 0.034999999999999996
