0 0.009765625 0.8255208333333334 0.021094 0.028124999999999883
0 0.013671875 0.7632809166666666 0.028906 0.06041699999999987
0 0.034765375 0.7841145833333334 0.011719 0.020832999999999952
0 0.0541018125 0.8817708333333334 0.042187 0.15208299999999988
0 0.1728510625 0.9369791666666666 0.017968999999999985 0.03854200000000022
0 0.185546625 0.6679690833333334 0.021094 0.06770799999999995
0 0.255859375 0.66015625 0.01171899999999998 0.04062500000000006
0 0.28281225 0.6666663333333332 0.007813000000000014 0.04375000000000003
0 0.2923828125 0.80078125 0.010938000000000003 0.04062500000000006
0 0.300390375 0.6445309166666666 0.011719000000000035 0.06145900000000015
0 0.3375 0.8367190833333332 0.03125 0.036457999999999956
0 0.3650390625 0.8010416666666668 0.019530999999999965 0.08541699999999992
0 0.5015625 0.7213538333333332 0.01640600000000003 0.026042000000000048
0 0.5171875 0.6213545 0.01640600000000003 0.01666599999999992
0 0.56875025 0.6539065833333334 0.009375000000000022 0.02083300000000003
0 0.62343725 0.6174479166666668 0.009374999999999911 0.02916699999999987
0 0.6826176875 0.7138020833333334 0.007812000000000041 0.036457999999999956
0 0.7320315 0.7463541666666668 0.015625 0.03749999999999994
0 0.7494143125 0.6942705 0.026561999999999975 0.046875
0 0.7812505 0.679167 0.017187000000000063 0.03333300000000013
