0 0.10595734017595308 0.52828125 0.06848 0.03937499999999994
0 0.13011023753665688 0.516796875 0.05628600000000002 0.02749999999999997
0 0.1462392697947214 0.5548828125 0.090057 0.04249999999999998
0 0.16846209677419355 0.5039453125 0.09756100000000001 0.025624999999999953
0 0.23612264809384162 0.5125390624999999 0.10506599999999998 0.049375
0 0.42837557771261 0.2915234375 0.12570300000000004 0.09374999999999997
0 0.804303064516129 0.5127734374999999 0.06660400000000007 0.03062500000000007
0 0.8576004428152493 0.4770703125 0.07973799999999996 0.02562500000000001
0 0.8695593401759532 0.531484375 0.06941799999999983 0.04437499999999994
0 0.8841035454545455 0.4931640625 0.091933 0.018750000000000044
0 0.9362818914956013 0.5273046875 0.07504699999999999 0.03749999999999998
0 0.9287134105571847 0.4899609375 0.048781000000000165 0.014999999999999958
0 0.965654064516129 0.5066015625 0.06566600000000003 0.03375000000000006
