0 0.3696484375 0.31822883333333335 0.12375000000000003 0.37000000000000005
0 0.060546875 0.40145800000000004 0.12125 0.4074999999999999
0 0.2012890625 0.22244825000000001 0.14375 0.3525
0 0.2719921875 0.48536425 0.14812499999999998 0.289167
0 0.338046875 0.01171875 0.09125 0.024167000000000004
0 0.5016406250000001 0.4878125 0.02062499999999995 0.017499999999999998
0 0.5095703125 0.46239616666666666 0.025624999999999953 0.03833300000000003
0 0.51625 0.3758333333333333 0.03125 0.04250000000000006
0 0.531171875 0.30369825 0.02750000000000008 0.039166
0 0.55359375 0.58171875 0.025000000000000022 0.025832999999999995
0 0.561015625 0.48598991666666663 0.020625000000000004 0.029165999999999952
0 0.5657421875 0.33432291666666664 0.02312499999999995 0.029167000000000016
0 0.569765625 0.4557291666666667 0.020624999999999893 0.03749999999999994
0 0.579140625 0.3854684166666667 0.020625000000000004 0.04666699999999994
0 0.5819140625 0.19442708333333333 0.018125000000000058 0.035833000000000004
0 0.5918359375 0.28401041666666665 0.015000000000000013 0.014999999999999977
0 0.5957421875 0.2557291666666666 0.023125000000000062 0.03833300000000003
0 0.6015625 0.56921875 0.015625 0.024167000000000122
0 0.6082421875 0.143125 0.02312499999999995 0.032499999999999994
0 0.6099609375 0.5146354166666667 0.015000000000000013 0.04499999999999993
0 0.6344921875 0.08177050000000001 0.02312499999999995 0.04833399999999999
0 0.641015625 0.39255175 0.020625000000000004 0.02416700000000005
0 0.65046875 0.322292 0.023749999999999938 0.03249999999999997
0 0.6645703125 0.17859408333333335 0.02562500000000001 0.034165999999999995
0 0.86109375 0.339583 0.275 0.565
