0 0.022135416666666668 0.4919921875 0.04583299999999999 0.11718699999999999
0 0.045572916666666664 0.1353510625 0.091667 0.14375100000000002
0 0.18098958333333334 0.9181645625 0.3625 0.15937500000000004
0 0.11510383333333334 0.78046875 0.152084 0.08749999999999991
0 0.18567741666666668 0.6814453125 0.20208299999999998 0.120313
0 0.33958333333333335 0.18652293749999999 0.29374999999999996 0.232813
0 0.3192705 0.458984375 0.172917 0.16874999999999996
0 0.5598958333333334 0.5232421875 0.18333299999999997 0.21093699999999999
0 0.6880205 0.14921875 0.235417 0.14843800000000001
0 0.63828125 0.767187 0.10208299999999992 0.0625
0 0.7802083333333334 0.46484425 0.3249999999999999 0.25937399999999994
0 0.8651038333333334 0.8265625 0.21458400000000002 0.109375
0 0.8781246666666668 0.2171875 0.23958399999999994 0.235938
