0 0.00390625 0.8498057058823529 0.009375 0.026366000000000073
0 0.0112109375 0.6970313529411765 0.013749999999999998 0.013182000000000053
0 0.0143359375 0.7739471176470588 0.015 0.021658000000000004
0 0.02734375 0.6576412352941177 0.024375 0.09227800000000005
0 0.0321875 0.9076571176470589 0.016875 0.021657999999999834
0 0.0386328125 0.7673561176470588 0.009999999999999995 0.022599000000000095
0 0.0409765625 0.8642269411764706 0.0037499999999999964 0.016007000000000042
0 0.0490625 0.8105539411764706 0.015625 0.01694999999999993
0 0.0518359375 0.7325161176470589 0.014374999999999999 0.02071599999999993
0 0.0836328125 0.7544703529411765 0.009999999999999995 0.014123999999999876
0 0.1429296875 0.9555639411764707 0.007499999999999979 0.01694899999999995
0 0.176484375 0.776359705882353 0.011874999999999997 0.025424
0 0.1911328125 0.9198991176470588 0.01125000000000001 0.020715000000000112
