0 0.0405859375 0.7476565833333334 0.07625 0.11416599999999999
0 0.6679296875 0.75453125 0.06874999999999998 0.040000000000000036
0 0.7317578125 0.7677083333333332 0.010624999999999996 0.012500000000000178
0 0.732734375 0.7543753333333334 0.011874999999999969 0.011665999999999954
0 0.7511328125 0.7606774166666668 0.010624999999999996 0.013332999999999817
0 0.75265625 0.4259371666666667 0.009375000000000022 0.0066669999999999785
0 0.7617578125 0.7727083333333332 0.010000000000000009 0.010833000000000167
0 0.7816796875 0.4127083333333333 0.006249999999999978 0.01250000000000003
0 0.840390625 0.71869825 0.0837500000000001 0.03916600000000011
0 0.812734375 0.31171875 0.013124999999999942 0.02416700000000001
0 0.8312890625 0.3178125 0.018124999999999947 0.016666999999999987
0 0.8360546875 0.26890625 0.007499999999999951 0.00833299999999996
0 0.84328125 0.22520833333333334 0.008750000000000036 0.010832999999999982
0 0.84953125 0.24177116666666665 0.009375000000000022 0.0066660000000000235
0 0.938671875 0.7047395833333333 0.12124999999999997 0.04999999999999997
0 0.8835546875 0.26223925 0.006249999999999978 0.008333999999999989
0 0.8835546875 0.39473925 0.006249999999999978 0.008333999999999989
0 0.8873046875 0.2893753333333333 0.0068749999999999645 0.011666000000000029
0 0.9016796875 0.26890625 0.007499999999999951 0.010000000000000009
0 0.9135546875 0.2731774166666667 0.006249999999999978 0.014166000000000012
0 0.9160546875 0.30604133333333333 0.007500000000000062 0.01083400000000001
