0 0.0865625 0.42019290190336744 0.01625 0.022514000000000034
0 0.1483203125 0.3937857057101025 0.08812500000000001 0.06191400000000004
0 0.2053125 0.37651477306002923 0.016875 0.018762000000000004
0 0.2219140625 0.3582789019033675 0.018125000000000002 0.021576000000000015
0 0.2246875 0.33148677306002927 0.015625 0.017823000000000058
0 0.2465625 0.3653720307467057 0.016250000000000014 0.02345199999999997
0 0.2858984375 0.5625993323572475 0.09187499999999998 0.349906
0 0.26664062499999996 0.8834148286969253 0.05250000000000002 0.15572199999999994
0 0.4409765625 0.9288115402635432 0.06562499999999999 0.12664100000000003
0 0.4755078125 0.6673312767203514 0.04249999999999998 0.21294500000000002
0 0.6198828125 0.9059729882869693 0.291875 0.18386499999999997
0 0.731171875 0.5709185710102489 0.12249999999999994 0.15196999999999997
