0 0.060039062500000004 0.85807325 0.08125 0.134166
0 0.01953125 0.7546874999999998 0.04 0.11000000000000017
0 0.294921875 0.57682325 0.590625 0.196666
0 0.12550781249999998 0.510417 0.0725 0.0625
0 0.1159765625 0.7023961666666666 0.03499999999999999 0.03833300000000003
0 0.1480859375 0.4141666666666666 0.0775 0.08583299999999998
0 0.2716796875 0.2430205 0.31875000000000003 0.11000000000000003
0 0.212890625 0.84942675 0.11375000000000002 0.11916700000000002
0 0.201484375 0.4135934166666666 0.07500000000000001 0.07750000000000005
0 0.253359375 0.47682325 0.10562500000000002 0.07250000000000008
0 0.303515625 0.169583 0.08374999999999999 0.063334
0 0.33 0.7286461666666666 0.09562499999999996 0.10000000000000009
0 0.3448828125 0.3896875 0.10374999999999995 0.10999999999999995
0 0.401796875 0.8453649166666666 0.12125000000000002 0.12250000000000005
0 0.4065234375 0.4383336666666667 0.09187500000000004 0.08416599999999996
0 0.40078125 0.10916633333333332 0.07125000000000004 0.04333400000000002
0 0.485546875 0.13411491666666667 0.09062500000000001 0.06166600000000002
0 0.524140625 0.32536458333333335 0.11375000000000002 0.080833
0 0.6233203125 0.16145866666666667 0.181875 0.24
0 0.5667578125 0.6869795 0.010624999999999996 0.01583300000000006
0 0.636640625 0.3656770833333334 0.08250000000000002 0.09833299999999996
0 0.79984375 0.56348925 0.39875000000000005 0.19583399999999998
0 0.67125 0.8105729166666666 0.12624999999999997 0.09333300000000004
0 0.774609375 0.35510383333333334 0.10624999999999996 0.09083399999999997
0 0.8521875 0.6710413333333333 0.20375 0.13750000000000004
0 0.8746484375 0.15682258333333335 0.24875000000000003 0.11333399999999999
0 0.77375 0.7462496666666666 0.03125 0.022500000000000114
0 0.7956640625 0.7724475833333333 0.018125000000000058 0.019167000000000083
0 0.929921875 0.3051041666666667 0.12124999999999997 0.13249999999999998
0 0.9527734375 0.7758336666666666 0.09250000000000003 0.08416600000000003
0 0.9243359375 0.8912496666666666 0.01375000000000004 0.020834000000000092
