0 0.5787890625 0.8684371666666667 0.11312500000000003 0.13249999999999998
0 0.013671875 0.85348925 0.028125 0.071667
0 0.241015625 0.310625 0.4275 0.2825
0 0.05015625 0.7510416666666666 0.039999999999999994 0.05333300000000015
0 0.093828125 0.8259378333333333 0.099375 0.09000000000000001
0 0.10078125 0.7144274166666666 0.07062500000000001 0.07583299999999997
0 0.11765625 0.6116666666666667 0.10187500000000001 0.08416700000000003
0 0.1412109375 0.10109408333333335 0.04500000000000001 0.034165999999999974
0 0.192109375 0.5687503333333334 0.106875 0.106666
0 0.173125 0.9313541666666666 0.06312499999999999 0.06999999999999999
0 0.194140625 0.10598925 0.08312499999999998 0.071667
0 0.199765625 0.7551038333333334 0.08249999999999999 0.09000000000000001
0 0.220390625 0.47953158333333334 0.08250000000000002 0.080833
0 0.2359375 0.5010940833333334 0.048125 0.035833000000000004
0 0.2471484375 0.7086975833333332 0.06062500000000001 0.08250000000000002
0 0.24390625 0.9080725833333334 0.040000000000000036 0.051666999999999984
0 0.2584375 0.14036425 0.048750000000000016 0.040834
0 0.3080078125 0.73578125 0.07250000000000001 0.10333299999999997
0 0.2939453125 0.13921875 0.026874999999999982 0.024166999999999994
0 0.3268359375 0.10406216666666668 0.044999999999999984 0.03833399999999998
0 0.3463671875 0.13489616666666668 0.05312499999999998 0.038332999999999985
0 0.38890625 0.8107288333333332 0.101875 0.12083400000000004
0 0.38875 0.4845315833333333 0.09562500000000002 0.08083300000000009
0 0.407109375 0.11432291666666668 0.043125000000000024 0.02916699999999998
0 0.4085546875 0.13328158333333331 0.03875000000000001 0.018333000000000006
0 0.45984375 0.5971875 0.11875000000000002 0.11000000000000003
0 0.44296875 0.17713541666666666 0.05562499999999998 0.04500000000000004
0 0.468359375 0.4945315833333333 0.10562499999999997 0.08333299999999995
0 0.442265625 0.65734375 0.051875000000000004 0.05666700000000002
0 0.6862109375000001 0.31234375 0.45249999999999996 0.305
0 0.5038671875 0.7614583333333332 0.05312500000000003 0.0741670000000001
0 0.5366015625 0.146458 0.03374999999999995 0.032499999999999994
0 0.599453125 0.561458 0.036250000000000004 0.03249999999999997
0 0.6446484375 0.6832295 0.06062500000000004 0.07916599999999985
0 0.667265625 0.6296871666666667 0.05249999999999999 0.06916700000000005
0 0.7212109375 0.057812166666666664 0.07625000000000004 0.09999999999999999
0 0.7134765625 0.60119825 0.03500000000000003 0.03999999999999989
0 0.79328125 0.5036975833333334 0.1656249999999999 0.080834
0 0.7493359375 0.92125 0.0462499999999999 0.0625
0 0.7619921875 0.8142708333333334 0.05437500000000006 0.09083299999999994
0 0.8437109375 0.7878649166666666 0.10749999999999993 0.12416600000000007
0 0.859609375 0.92182325 0.07499999999999996 0.07250000000000008
0 0.873671875 0.9790621666666667 0.05937500000000007 0.038334000000000014
0 0.8961328125 0.6971354166666668 0.04249999999999998 0.04666699999999979
0 0.956640625 0.71442675 0.08374999999999999 0.11916700000000002
0 0.9584375 0.4663541666666666 0.07999999999999996 0.06833299999999998
0 0.9708203125 0.28583333333333333 0.05687500000000001 0.04333300000000003
