0 0.946796875 0.8094460248901904 0.05937500000000007 0.11538499999999999
0 0.0712890625 0.24743777452415813 0.143125 0.49531
0 0.3459765625 0.22659819765739386 0.25375000000000003 0.43714800000000004
0 0.725625 0.7749914787701317 0.0625 0.08067499999999998
0 0.7328515625 0.6974280922401171 0.06562499999999993 0.07317100000000001
0 0.78546875 0.6768342518301611 0.05624999999999991 0.097561
0 0.80609375 0.801415896046852 0.05499999999999994 0.11350799999999998
0 0.881875 0.6596506383601757 0.0625 0.10787999999999996
0 0.878515625 0.8578410922401172 0.05125000000000002 0.07035599999999995
0 0.8818359375 0.7560009633967789 0.04625000000000001 0.06941900000000002
0 0.910390625 0.7208359326500732 0.05249999999999999 0.045027999999999985
