0 0.8184765625 0.5458979120234604 0.18999999999999995 0.27767300000000006
0 0.2400390625 0.6062653343108505 0.11249999999999999 0.15384599999999993
0 0.25480468749999996 0.2596931994134898 0.1 0.10881799999999996
0 0.25210937499999997 0.43288454545454547 0.07562500000000003 0.09286999999999998
0 0.3196484375 0.3264624105571847 0.06125000000000003 0.04971800000000001
0 0.32703125 0.579162064516129 0.04062500000000002 0.06566599999999995
0 0.4021875 0.13738654545454543 0.04750000000000004 0.09193300000000001
0 0.4212890625 0.8470369296187683 0.018125000000000002 0.022514000000000034
0 0.4515625 0.7650850967741935 0.078125 0.09756099999999994
0 0.4809765625 0.23818068035190615 0.09687500000000004 0.13602200000000003
0 0.43828125 0.8281573782991202 0.00874999999999998 0.015947000000000006
0 0.554609375 0.8083640586510265 0.10625000000000007 0.151969
0 0.5496875 0.4621297565982405 0.016249999999999987 0.030956999999999957
0 0.553984375 0.4173929296187684 0.01187500000000008 0.022515000000000007
0 0.5757421875 0.4764929296187684 0.02187500000000009 0.02345199999999998
0 0.638984375 0.786606026392962 0.07562499999999994 0.11913699999999994
0 0.8803125 0.9024716422287389 0.23624999999999996 0.19043200000000005
0 0.8782421875 0.39218348093841643 0.021874999999999978 0.027204000000000023
0 0.910703125 0.6511579618768328 0.0368750000000001 0.05440900000000002
