0 0.0078125 0.739375 0.0175 0.03249999999999997
0 0.01171875 0.7767578125 0.025833 0.04125000000000001
0 0.014322916666666666 0.40609375 0.030833 0.02375000000000005
0 0.014322916666666666 0.9746875 0.030833 0.04812499999999997
0 0.044270833333333336 0.8791015625 0.09000000000000001 0.06499999999999995
0 0.4986979166666667 0.6447265625 0.999167 0.28374999999999995
0 0.015051750000000001 0.434765625 0.025000000000000005 0.020625000000000004
0 0.0490625 0.8071875 0.08 0.0475000000000001
0 0.034792 0.4505859375 0.0325 0.015000000000000013
0 0.06463575 0.960859375 0.08666599999999998 0.07500000000000007
0 0.041249666666666664 0.4359375 0.020834000000000002 0.017500000000000016
0 0.08151008333333333 0.981875 0.09750000000000002 0.03312499999999996
0 0.06494758333333334 0.427109375 0.018334 0.011874999999999969
0 0.07661458333333333 0.4792578125 0.018333000000000006 0.010000000000000009
0 0.5352086666666667 0.4451171875 0.9275000000000001 0.17812500000000003
0 0.10041666666666667 0.3146875 0.022500000000000003 0.015625
0 0.10953125000000001 0.8555078125 0.04083300000000001 0.04249999999999998
0 0.13421908333333332 0.878046875 0.06583300000000003 0.059374999999999956
0 0.15401075 0.924375 0.056665999999999994 0.0631250000000001
0 0.3860413333333333 0.3192578125 0.5125000000000001 0.073125
0 0.28947883333333335 0.2838671875 0.30916699999999997 0.05312499999999998
0 0.19348958333333335 0.253515625 0.11416699999999996 0.020625000000000032
0 0.2080729166666667 0.920703125 0.09166699999999994 0.06687500000000002
0 0.223542 0.8308203125 0.09583300000000006 0.05812499999999998
0 0.22515625000000003 0.7877734375 0.07083299999999997 0.02937500000000004
0 0.24359341666666667 0.766953125 0.07749999999999997 0.03562500000000002
0 0.3110934166666666 0.7123828125 0.20250000000000004 0.104375
0 0.2973955 0.9708203125 0.08 0.05687500000000001
0 0.2971871666666666 0.8723828125 0.06833400000000005 0.0412499999999999
0 0.3405211666666667 0.8034765625 0.06833299999999998 0.034375000000000044
0 0.387708 0.9590625 0.09499999999999997 0.07874999999999999
0 0.3751559166666667 0.779765625 0.029999999999999954 0.020625000000000004
0 0.40906249999999994 0.88015625 0.08000000000000007 0.07187500000000002
0 0.4159899166666667 0.8233203125 0.030000000000000027 0.02562500000000001
0 0.45635416666666667 0.8103125 0.06833299999999998 0.04812499999999997
0 0.52015625 0.758671875 0.195833 0.09062499999999996
0 0.4591663333333333 0.9521484375 0.04333400000000006 0.030625000000000013
0 0.48276041666666664 0.896796875 0.07583299999999997 0.059374999999999956
0 0.4955211666666666 0.860390625 0.06999999999999999 0.05125000000000002
0 0.5628121666666667 0.9047265625 0.10083399999999994 0.06624999999999992
0 0.64296875 0.86921875 0.08666700000000012 0.05624999999999991
0 0.6532809166666667 0.834921875 0.06083399999999998 0.02749999999999997
0 0.6861975833333332 0.9896875 0.08166700000000009 0.01749999999999996
0 0.6708333333333334 0.732421875 0.041667000000000044 0.02749999999999997
0 0.7777086666666667 0.779453125 0.1774999999999999 0.09937499999999999
0 0.7495315833333334 0.8840625 0.08250000000000002 0.07874999999999999
0 0.8372916666666667 0.9896875 0.11666700000000008 0.01749999999999996
0 0.8741663333333333 0.825859375 0.04333400000000006 0.04437500000000005
0 0.9059375 0.9336328125 0.048333000000000105 0.04125000000000001
0 0.9255725833333334 0.9009765625 0.04999999999999997 0.03437499999999993
0 0.94932325 0.8843359375 0.07083300000000008 0.04625000000000001
0 0.9807291666666668 0.8238671875 0.036667000000000005 0.05437500000000006
0 0.9834899166666666 0.98375 0.0300000000000001 0.03125
