0 0.03650586701434159 0.097890625 0.075125 0.051250000000000004
0 0.18685192438070405 0.4942578125 0.12020000000000002 0.10499999999999998
0 0.21925533376792697 0.06765625 0.09348900000000004 0.07125
0 0.21055712385919165 0.7053125 0.011686000000000014 0.01749999999999996
0 0.24195893350717076 0.6946484375 0.03839700000000001 0.029999999999999916
0 0.2685118383311604 0.7346484375 0.05008299999999999 0.030000000000000027
0 0.32530485788787483 0.5822265625 0.15692900000000004 0.12874999999999992
0 0.3374831525423728 0.5215625 0.035059 0.016249999999999987
0 0.48234492438070403 0.16375 0.12020000000000007 0.0625
0 0.5246052385919165 0.8965625 0.10517499999999998 0.07999999999999996
0 0.539105924380704 0.4182421875 0.12187000000000008 0.14750000000000002
0 0.5845941720990874 0.68421875 0.14190300000000003 0.08750000000000002
0 0.5751174954367666 0.0166015625 0.041735999999999975 0.03375
0 0.6047542477183833 0.9168359375 0.023372000000000028 0.015000000000000013
0 0.6359969621903521 0.111328125 0.06177 0.036250000000000004
0 0.683425371577575 0.834765625 0.03171899999999989 0.02124999999999999
0 0.7260358956975227 0.4217578125 0.09849800000000011 0.10499999999999998
0 0.6958428096479792 0.668125 0.028379999999999888 0.03125
0 0.7091978096479791 0.863515625 0.02838100000000003 0.02124999999999999
0 0.7130611238591916 0.7615625 0.01168700000000001 0.01749999999999996
0 0.7531761525423729 0.76421875 0.03505800000000004 0.02375000000000005
0 0.8184282385919166 0.729453125 0.10517499999999998 0.0675
0 0.791000809647979 0.8628125 0.026711000000000183 0.01750000000000007
0 0.9637813050847458 0.44796875 0.06844799999999993 0.08749999999999997
