0 0.30359375 0.8348269019033675 0.02437499999999998 0.020637999999999917
0 0.3519140625 0.8427437730600293 0.018125000000000002 0.018760999999999993
0 0.3725390625 0.8184670307467057 0.019374999999999976 0.023452000000000094
0 0.386484375 0.8703596442166911 0.012500000000000011 0.015009999999999893
0 0.3896875 0.8061577730600293 0.01749999999999996 0.018761999999999963
0 0.4215625 0.7190300307467057 0.016249999999999987 0.024389999999999988
0 0.4350390625 0.6957623865300147 0.018125000000000002 0.011257000000000017
0 0.4410546875 0.7084835153733529 0.007500000000000007 0.014070999999999945
0 0.51578125 0.6538901595900439 0.009375000000000022 0.027204
0 0.7875 0.8240354363103953 0.15625 0.23827399999999996
0 0.9328125 0.689309644216691 0.01749999999999996 0.01688500000000004
0 0.9811328125 0.6527236442166909 0.010000000000000009 0.016886000000000095
