0 0.6245703125 0.6507256691068815 0.1512500000000001 0.12945599999999985
0 0.0048828125 0.7502587057101024 0.01 0.0628519999999999
0 0.0078125 0.8419631903367497 0.016875 0.05253299999999985
0 0.033203125 0.5142466383601757 0.066875 0.106004
0 0.0270703125 0.7222741229868228 0.026875000000000003 0.09380900000000002
0 0.066328125 0.7102634787701317 0.036875000000000005 0.07973700000000002
0 0.0863671875 0.5426700307467057 0.021875000000000006 0.024389999999999988
0 0.206484375 0.6490512459736457 0.23062500000000002 0.18855499999999994
0 0.1577734375 0.4774772825768668 0.12312499999999998 0.12101399999999998
0 0.125390625 0.5506310614934115 0.05124999999999999 0.04784199999999991
0 0.41484375 0.4778459941434846 0.1175 0.09099400000000003
0 0.5325 0.8613049824304538 0.09375 0.27392099999999986
0 0.5391015625 0.6037074114202049 0.03500000000000003 0.124765
0 0.5471875 0.7000145768667643 0.04874999999999996 0.06003699999999999
0 0.588984375 0.577537448023426 0.012499999999999956 0.05816100000000004
0 0.605 0.9475293806734992 0.03312500000000007 0.10131299999999999
0 0.6360546875 0.34173567496339674 0.03749999999999998 0.038461000000000016
0 0.828671875 0.7999083938506587 0.34062500000000007 0.39681099999999997
0 0.7221875 0.4973616383601758 0.07937499999999997 0.1069419999999999
0 0.95453125 0.44019051537335285 0.008749999999999925 0.012194999999999994
0 0.962578125 0.4406023865300146 0.005625000000000102 0.010319000000000042
