0 0.8938671875 0.5513058901903367 0.14812499999999995 0.20262700000000003
0 0.07671875 0.4668529516837481 0.14875 0.24953000000000003
0 0.1046875 0.19254501903367494 0.14125 0.206379
0 0.129375 0.5065323440702781 0.15625 0.168855
0 0.18855468749999998 0.7799454363103955 0.16250000000000003 0.23827400000000004
0 0.18359375 0.22018782869692533 0.0875 0.15759900000000002
0 0.4533984375 0.6563390204978038 0.436875 0.683865
0 0.4496875 0.8292515651537335 0.17312499999999997 0.24108800000000005
0 0.6863671875 0.37908482284041 0.24062499999999998 0.247654
0 0.743046875 0.2554488960468521 0.12187499999999996 0.111633
0 0.962109375 0.3397107613469985 0.07437499999999997 0.19981200000000005
0 0.9900390625 0.5537167364568081 0.018125000000000058 0.08724200000000004
