0 0.0224609375 0.09651041666666667 0.045 0.139167
0 0.06636718750000001 0.5875520833333333 0.08499999999999999 0.19250000000000003
0 0.07593749999999999 0.9742704999999999 0.08000000000000002 0.0483340000000001
0 0.0662109375 0.2191149166666667 0.045 0.062499999999999965
0 0.1584375 0.537083 0.046875 0.06416700000000002
0 0.1611328125 0.7809375 0.04250000000000001 0.048333000000000105
0 0.2674609375 0.4609371666666666 0.10875000000000001 0.13083400000000003
0 0.2804296875 0.6855725833333333 0.03874999999999995 0.05166700000000005
0 0.2955078125 0.2144788333333333 0.04124999999999995 0.058334
0 0.3303125 0.875417 0.046875 0.06333300000000008
0 0.4023046875 0.7748434166666667 0.10062500000000002 0.13833399999999996
0 0.4594140625 0.397917 0.04999999999999999 0.06416600000000001
0 0.4926171875 0.30390658333333337 0.11625000000000002 0.175833
0 0.5692578125 0.8307809166666668 0.04125000000000001 0.06166700000000006
0 0.608984375 0.07343716666666666 0.10624999999999996 0.130834
0 0.7181640625 0.2952086666666667 0.11187500000000006 0.1775
0 0.744765625 0.9209899166666666 0.11375000000000002 0.1550000000000001
0 0.7730078125 0.42317674999999993 0.04250000000000009 0.055000000000000014
0 0.9018359375 0.2901045 0.04499999999999993 0.048333000000000036
0 0.9116015625 0.885417 0.03437499999999993 0.06499999999999995
0 0.9648046875 0.078125 0.06874999999999998 0.158333
0 0.9567578125 0.3157809166666667 0.04125000000000001 0.06166699999999999
