0 0.22512281326352532 0.630859375 0.06696500000000001 0.04437500000000005
0 0.23914501396160562 0.44015625 0.070313 0.03937499999999999
0 0.22155060558464224 0.1739453125 0.030133999999999963 0.05687500000000001
0 0.2411528062827225 0.58453125 0.033483000000000034 0.03937500000000005
0 0.2816984153577662 0.36328125 0.07924099999999999 0.03937499999999999
0 0.3170458062827225 0.1768359375 0.03348199999999998 0.046249999999999986
0 0.47881621116928447 0.535390625 0.05803599999999994 0.05125000000000002
0 0.5187922146596858 0.1090625 0.07589299999999992 0.04874999999999999
0 0.5946034083769633 0.5159765625 0.042410000000000087 0.03437499999999993
0 0.6494328097731239 0.2349609375 0.04910699999999998 0.046249999999999986
0 0.6461454048865619 0.7630078125 0.027901000000000026 0.04249999999999998
0 0.674331207678883 0.3917578125 0.04017800000000011 0.04124999999999995
0 0.7001426090750437 0.76328125 0.04799100000000004 0.03937499999999994
0 0.7393480104712042 0.485234375 0.05580300000000001 0.04437500000000005
0 0.7408084083769634 0.296015625 0.04241099999999994 0.05125000000000002
