0 0.5684374999999999 0.6508312093704246 0.14062500000000006 0.257036
0 0.5715234375 0.8698075768667642 0.02937500000000004 0.06097600000000002
0 0.5971484375 0.809612159590044 0.030625000000000013 0.02814300000000003
0 0.6003125 0.7607179019033675 0.015625 0.022513999999999867
0 0.6105078125 0.876216159590044 0.010000000000000009 0.029080999999999923
0 0.6234375 0.7362136442166911 0.016874999999999973 0.01688599999999993
0 0.719296875 0.8223956691068813 0.18437500000000007 0.13039400000000007
0 0.65515625 0.8669935768667643 0.040000000000000036 0.06003799999999996
0 0.7026953125 0.5892764172767204 0.026875000000000093 0.032832999999999994
0 0.7057421875 0.6421070307467057 0.023125000000000062 0.02345200000000001
0 0.720390625 0.611676159590044 0.020625000000000004 0.02814300000000003
0 0.735390625 0.5980170307467058 0.020625000000000004 0.02532799999999988
0 0.7626953125 0.7358459326500731 0.026874999999999982 0.04409000000000001
0 0.7933984375 0.8578670307467057 0.02937499999999993 0.023451999999999928
0 0.8064453125 0.895504288433382 0.026875000000000093 0.03095700000000004
0 0.8202734375 0.5967804172767204 0.02937499999999993 0.034709999999999915
0 0.82875 0.8562185461200587 0.03312499999999996 0.03658599999999987
0 0.828984375 0.5721629019033675 0.013125000000000053 0.020638
0 0.8358203125 0.8156530307467057 0.02562500000000001 0.025328000000000045
0 0.8423828125 0.6095716442166911 0.011249999999999982 0.016886000000000095
0 0.866640625 0.509425159590044 0.019999999999999907 0.029080000000000033
0 0.875 0.8932164172767204 0.03187499999999999 0.03470899999999994
0 0.9114453125 0.4208322884333821 0.025624999999999898 0.031895000000000014
0 0.914765625 0.9741199326500731 0.020625000000000004 0.04409000000000018
0 0.9537890625 0.4649222884333821 0.01937500000000003 0.03095700000000004
