0 0.049765625 0.4148961666666667 0.051875 0.03750000000000001
0 0.0908984375 0.63625 0.060625 0.06416700000000002
0 0.121484375 0.5161975833333333 0.074375 0.08249999999999995
0 0.2078515625 0.5308333333333334 0.035 0.041666999999999975
0 0.3841796875 0.63473925 0.32000000000000006 0.5100000000000001
0 0.4613671875 0.830625 0.02250000000000002 0.03250000000000005
0 0.4858203125 0.9202600833333334 0.026874999999999982 0.03583399999999992
0 0.5078125 0.8163538333333333 0.015625 0.027500000000000007
0 0.5105859375 0.8725003333333333 0.014374999999999916 0.044166000000000004
0 0.5130859375 0.4332815833333334 0.014375000000000027 0.020832999999999952
0 0.517265625 0.9798961666666667 0.020625000000000004 0.03750000000000009
0 0.5155078125 0.45374966666666666 0.011249999999999982 0.022500000000000037
0 0.5238671875 0.9484899166666666 0.02312499999999995 0.030833000000000037
0 0.5271875 0.8669270833333332 0.016874999999999973 0.03583300000000008
0 0.526484375 0.8117187500000002 0.013124999999999942 0.024166999999999828
0 0.5284375 0.34088575 0.015625 0.025832999999999995
0 0.5329296875 0.9261455 0.007499999999999951 0.01750000000000007
0 0.5373828125 0.9412496666666668 0.011249999999999982 0.022499999999999964
0 0.5530859375 0.9704166666666666 0.014375000000000027 0.022500000000000114
0 0.6268359375 0.3568753333333334 0.014375000000000027 0.012499999999999956
0 0.6317578125 0.6427083333333333 0.010000000000000009 0.010833000000000093
0 0.6628125 0.7030208333333333 0.046875 0.15166700000000008
0 0.64578125 0.7823434166666666 0.009375000000000022 0.014999999999999977
0 0.652890625 0.6353125 0.020625000000000004 0.01750000000000007
0 0.65015625 0.43031250000000004 0.008750000000000036 0.017499999999999998
0 0.6548828125 0.80557325 0.010000000000000009 0.010000000000000083
0 0.669609375 0.6128125 0.01187500000000008 0.015832999999999986
0 0.6705078125 0.4448434166666666 0.011249999999999982 0.013334000000000032
0 0.673984375 0.5628125 0.012500000000000067 0.017499999999999998
0 0.6742578125 0.4827083333333333 0.009999999999999898 0.01250000000000003
0 0.6755078125 0.5041145833333333 0.010000000000000009 0.019167000000000083
0 0.6794140625 0.967083 0.01937499999999992 0.06333400000000007
0 0.688984375 0.60390625 0.013125000000000053 0.010000000000000083
0 0.698359375 0.5661455 0.013124999999999942 0.01750000000000007
0 0.69890625 0.9856774166666668 0.009375000000000022 0.014999999999999977
0 0.7206640625 0.6076559166666667 0.018124999999999947 0.030834000000000028
0 0.7364453125 0.5801045 0.026874999999999982 0.04833299999999996
