0 0.4559765625 0.916090411420205 0.06624999999999998 0.12570299999999998
0 0.402109375 0.8102438286969252 0.138125 0.15759900000000004
0 0.5521484375 0.935886448023426 0.06187500000000001 0.05722300000000015
0 0.553125 0.8687563191800878 0.06312499999999999 0.0534700000000001
0 0.543515625 0.9809845461200587 0.020625000000000004 0.03564699999999984
0 0.57609375 0.6946140922401172 0.024375000000000036 0.07316999999999996
0 0.59125 0.5257580922401172 0.03125 0.07129499999999998
0 0.612734375 0.8098406749633967 0.012499999999999956 0.04033699999999997
0 0.6188671875 0.6885290614934114 0.02312499999999995 0.046904999999999995
0 0.6428515625 0.9182899633967789 0.06625000000000003 0.06941900000000002
0 0.6387890625 0.8169328038067349 0.018750000000000044 0.04221400000000006
0 0.6444921875 0.5210940307467057 0.02312499999999995 0.02345200000000001
0 0.666328125 0.8344581903367496 0.036250000000000004 0.05159500000000012
0 0.6646875 0.5398991903367497 0.016249999999999987 0.0506569999999999
0 0.6827734375 0.9596802210834553 0.030625000000000013 0.07504700000000004
0 0.7001953125 0.8860531903367497 0.026874999999999982 0.0506569999999999
0 0.7137109375 0.80459760761347 0.04625000000000001 0.08442799999999995
0 0.71421875 0.7374934172767204 0.024375000000000036 0.03471
0 0.74125 0.770966803806735 0.03125 0.04221400000000006
0 0.804921875 0.809612159590044 0.028124999999999956 0.02908100000000009
0 0.8305859375 0.6660150614934114 0.04562500000000003 0.04971900000000009
0 0.8997265625 0.8862817057101026 0.03499999999999992 0.06378999999999986
0 0.91421875 0.8460138038067351 0.024375000000000036 0.04221399999999989
0 0.9509765625 0.9126360248901904 0.03375000000000006 0.11538399999999985
