0 0.03074670571010249 0.7166015625 0.06199999999999999 0.03333300000000006
0 0.2908901903367496 0.9819345625 0.05000000000000001 0.033333999999999975
0 0.35074670571010247 0.9798876875 0.062000000000000006 0.03733399999999998
0 0.4708140556368961 0.40291699999999997 0.13800000000000004 0.3133330000000001
0 0.5841054172767203 0.7021220625 0.03400000000000005 0.01866699999999999
0 0.5990336749633968 0.5994560625 0.03999999999999999 0.01866599999999996
0 0.6253206442166911 0.5691455 0.015999999999999997 0.016000000000000014
0 0.6790336749633968 0.677765625 0.039999999999999904 0.019999999999999907
0 0.708641288433382 0.6581220625 0.03200000000000008 0.01866699999999999
0 0.7117130307467057 0.7621220625 0.023999999999999994 0.01866699999999999
0 0.7530336749633968 0.6548359375 0.04000000000000007 0.014666999999999986
0 0.8510336749633968 0.4645283125 0.04000000000000007 0.15066700000000005
0 0.8917130307467056 0.4493720625 0.026000000000000054 0.08133400000000002
0 0.9168901903367496 0.529917 0.04999999999999997 0.064
0 0.9599619326500732 0.5418984375 0.046000000000000006 0.093333
