0 0.0905078125 0.8185896666666667 0.009999999999999995 0.020850999999999953
0 0.09953125 0.8080114166666666 0.009374999999999994 0.013344999999999866
0 0.1005078125 0.8520538333333333 0.010624999999999996 0.027521999999999974
0 0.12550781249999998 0.7901314999999999 0.011249999999999996 0.017514000000000102
0 0.1287109375 0.7659445000000001 0.013749999999999998 0.017513999999999807
0 0.1443359375 0.7973737499999999 0.013749999999999984 0.024187000000000108
0 0.150859375 0.7576044999999999 0.013124999999999998 0.017514000000000102
0 0.159609375 0.8597214166666668 0.013124999999999998 0.015012999999999868
0 0.1617578125 0.7685486666666668 0.010000000000000009 0.020849999999999813
0 0.1616015625 0.8468455 0.0037500000000000033 0.015845999999999954
0 0.1635546875 0.8288624166666666 0.007500000000000007 0.013344000000000023
0 0.16953125 0.8501815 0.008750000000000008 0.015845999999999954
0 0.6284375 0.029947916666666668 0.171875 0.061718
0 0.7746875 0.7674509166666666 0.016874999999999973 0.029190999999999967
