0 0.7088990088105728 0.48296875 0.12605799999999995 0.05624999999999997
0 0.1413141556534508 0.4076953125 0.180621 0.15187499999999998
0 0.11619114977973567 0.5215234375 0.09971799999999997 0.06187499999999996
0 0.18286829221732745 0.5236328125 0.092192 0.04125000000000001
0 0.18433672099853157 0.6526953125 0.09689600000000002 0.05687500000000001
0 0.29483659177679883 0.355625 0.285042 0.125
0 0.23795872099853158 0.4773828125 0.09501399999999999 0.04125000000000001
0 0.448866577092511 0.408203125 0.07996300000000003 0.06687500000000002
0 0.5468174346549193 0.6398046875 0.08748899999999994 0.06874999999999998
0 0.8445478649045521 0.469140625 0.11006599999999993 0.05250000000000005
0 0.8400287209985317 0.59546875 0.09689500000000002 0.05500000000000005
