0 0.176328125 0.12083333333333335 0.06687499999999999 0.04416699999999998
0 0.2564453125 0.42328125 0.08812499999999998 0.351667
0 0.4476953125 0.3600003333333333 0.08937499999999998 0.04333299999999999
0 0.4996875 0.4807815833333333 0.01687500000000003 0.019166000000000016
0 0.5076171875 0.44776008333333334 0.023125000000000007 0.035834
0 0.55265625 0.38885416666666667 0.10250000000000004 0.06833300000000005
0 0.5162890625 0.5263538333333334 0.018125000000000058 0.02749999999999993
0 0.53421875 0.43432291666666667 0.025000000000000022 0.029166999999999943
0 0.5344921875 0.4979166666666666 0.022499999999999964 0.022500000000000037
0 0.544296875 0.55369825 0.028124999999999956 0.03916600000000011
0 0.558515625 0.514792 0.020625000000000004 0.0324999999999999
0 0.5808203125 0.5168229166666666 0.02562500000000001 0.029167000000000016
0 0.5876171875 0.5525003333333333 0.021874999999999978 0.04333299999999999
0 0.6062890625 0.5627600833333334 0.01937499999999992 0.03583400000000007
0 0.624453125 0.56869825 0.004999999999999893 0.04166600000000013
0 0.6357421875 0.5415621666666667 0.02312499999999995 0.036667000000000005
0 0.656484375 0.56255175 0.013124999999999942 0.025833999999999985
0 0.6606640625 0.5201559166666666 0.01937500000000003 0.030000000000000027
0 0.6862890625 0.5077600833333333 0.018125000000000058 0.035834
0 0.7044140625 0.5376559166666667 0.018124999999999947 0.03083399999999988
0 0.753359375 0.48765624999999996 0.07499999999999996 0.07250000000000008
0 0.8067578125 0.51088575 0.010000000000000009 0.024165999999999983
