0 0.501952875 0.5256218843338214 0.21582099999999999 0.292826
0 0.18066418750000002 0.398243411420205 0.116211 0.12591500000000003
0 0.1923829375 0.6749634421669106 0.10742200000000002 0.14787700000000012
0 0.2246094375 0.47877060761347 0.09179700000000002 0.08345499999999996
0 0.3359376875 0.08931185944363104 0.16406199999999999 0.180088
0 0.344726125 0.9106884729136164 0.16113300000000003 0.172767
0 0.3613285625 0.7305998960468522 0.06640600000000002 0.11127399999999997
0 0.4287114375 0.7994142518301611 0.061522999999999994 0.0980969999999999
0 0.5263675 0.3206445344070278 0.171875 0.21961900000000004
0 0.651367 0.701317626647145 0.18945299999999998 0.28843299999999994
0 0.7822270625 0.17715911713030746 0.14453100000000008 0.18594500000000003
0 0.813476625 0.7847730131771598 0.17675800000000008 0.297218
0 0.8945310625 0.5153736266471449 0.20703099999999997 0.289897
0 0.93066425 0.05710102489019034 0.13476500000000002 0.11566600000000002
0 0.92578125 0.85651560761347 0.07128900000000005 0.08491899999999986
