0 0.020833333333333332 0.3737109375 0.04416699999999999 0.04625000000000001
0 0.022135416666666668 0.129296875 0.04666699999999999 0.027499999999999997
0 0.03125 0.4612109375 0.065 0.04562500000000003
0 0.04296875 0.675625 0.08749999999999998 0.188125
0 0.06958333333333333 0.28375 0.106667 0.06312499999999999
0 0.10692741666666668 0.5717578125 0.07583299999999997 0.04249999999999998
0 0.0951045 0.2001171875 0.048332999999999994 0.053125000000000006
0 0.10536425 0.0119140625 0.040834 0.01875
0 0.13458299999999998 0.6310546875 0.06416700000000003 0.038124999999999964
0 0.16083333333333336 0.679375 0.04249999999999998 0.032500000000000084
0 0.17645833333333336 0.362890625 0.07333299999999998 0.05124999999999996
0 0.1697395833333333 0.4890625 0.05000000000000001 0.04812500000000003
0 0.164792 0.1558203125 0.03166599999999999 0.02687500000000001
0 0.18453125 0.301796875 0.04083300000000001 0.02749999999999997
0 0.20015591666666666 0.634921875 0.029167000000000016 0.02750000000000008
0 0.20916633333333334 0.186328125 0.04249999999999998 0.03562499999999999
0 0.20302083333333334 0.5844921875 0.02749999999999997 0.021874999999999978
0 0.2432295 0.7411328125 0.079166 0.04250000000000009
0 0.2855729166666667 0.2176953125 0.09166700000000001 0.05750000000000002
0 0.2722395833333333 0.551171875 0.05000000000000001 0.02749999999999997
0 0.2893746666666666 0.6603515625 0.05249999999999999 0.03374999999999995
0 0.30005208333333333 0.796328125 0.06583299999999999 0.03562499999999991
0 0.3025003333333333 0.1421484375 0.04333300000000003 0.030624999999999986
0 0.3878649166666666 0.483828125 0.12333300000000007 0.09937500000000005
0 0.36322916666666666 0.40125 0.036667000000000005 0.03250000000000003
0 0.4362496666666667 0.5959375 0.14583399999999994 0.14187499999999997
0 0.4388538333333334 0.7252734375 0.15249999999999994 0.06125000000000003
0 0.4155725833333333 0.2947265625 0.04999999999999997 0.03375
0 0.44083333333333335 0.37484375 0.04333299999999999 0.024375000000000036
0 0.4591663333333333 0.3558984375 0.04333400000000006 0.030625000000000013
0 0.5022913333333333 0.681171875 0.07499999999999996 0.02749999999999997
0 0.49479200000000007 0.4683203125 0.0324999999999999 0.02562500000000001
0 0.5077086666666667 0.3353125 0.052499999999999915 0.04812499999999997
0 0.5114065833333333 0.2061328125 0.04999999999999997 0.04124999999999998
0 0.5365100833333334 0.2523046875 0.09833399999999999 0.03749999999999998
0 0.54317675 0.5362109375 0.055000000000000084 0.04625000000000001
0 0.6132809166666666 0.6476953125 0.18666700000000006 0.05687500000000001
0 0.55619825 0.1833984375 0.040832999999999973 0.030624999999999986
0 0.5762496666666667 0.216015625 0.02083400000000002 0.020625000000000004
0 0.5955725833333334 0.0779296875 0.0499999999999999 0.037500000000000006
0 0.638958 0.24859375 0.031667000000000035 0.023749999999999993
0 0.66036425 0.1134375 0.03916700000000003 0.048125
0 0.6783333333333333 0.296796875 0.04333299999999999 0.028749999999999998
0 0.7152086666666667 0.322421875 0.05416600000000008 0.02749999999999997
0 0.7242190833333334 0.13703125 0.06583299999999988 0.040624999999999994
0 0.7313024166666667 0.4476953125 0.04583300000000001 0.02562500000000001
0 0.7297920000000001 0.52140625 0.031665999999999826 0.04062500000000002
0 0.7270836666666667 0.483046875 0.022499999999999964 0.027500000000000024
0 0.7480725833333333 0.559765625 0.05000000000000012 0.05249999999999999
0 0.7649996666666666 0.64453125 0.08416700000000003 0.07187500000000002
0 0.7440621666666667 0.1913671875 0.038334000000000014 0.021875000000000006
0 0.7366145833333334 0.628125 0.020832999999999952 0.03249999999999997
0 0.748125 0.053203125 0.031666999999999966 0.035625
0 0.7534899166666666 0.21890625 0.0300000000000001 0.03937499999999999
0 0.77432325 0.5125 0.07083300000000008 0.03187500000000004
0 0.8620833333333334 0.7201953125 0.1041669999999999 0.08875
0 0.83505175 0.332421875 0.02499999999999991 0.027500000000000024
0 0.9269788333333334 0.306640625 0.05916699999999997 0.05125000000000002
0 0.9594788333333334 0.051171875 0.059166999999999824 0.059375000000000004
0 0.9650520833333333 0.2522265625 0.0666670000000001 0.06625
0 0.9674479166666666 0.34203125 0.06166700000000006 0.04062499999999997
0 0.98588575 0.203125 0.02500000000000006 0.0325
