0 0.0078125 0.9248629565217391 0.016875 0.052281000000000105
0 0.009765625 0.7023318695652174 0.020625 0.07786399999999997
0 0.0107421875 0.9731798260869565 0.023125 0.05005599999999998
0 0.146484375 0.3820281304347826 0.293125 0.24360399999999996
0 0.0292578125 0.7404964782608696 0.04125 0.06785300000000007
0 0.033320312500000004 0.9645633478260869 0.026875 0.06562899999999998
0 0.041953125 0.5099579565217391 0.035625 0.05450499999999999
0 0.0551953125 0.09796617391304348 0.026875000000000003 0.032258
0 0.0828125 0.5607994347826087 0.079375 0.11902099999999999
0 0.06394531249999999 0.1314774347826087 0.025625000000000002 0.04115699999999999
0 0.0708984375 0.8843951739130436 0.029375000000000005 0.03225800000000005
0 0.0748046875 0.973665695652174 0.0375 0.04783099999999985
0 0.07984375 0.666798956521739 0.024374999999999994 0.05339300000000005
0 0.0895703125 0.20426530434782608 0.026874999999999996 0.036708000000000005
0 0.1064453125 0.10172695652173913 0.026874999999999996 0.05228
0 0.24214843749999998 0.6658183913043478 0.24812500000000004 0.2536150000000001
0 0.1431640625 0.5463824347826087 0.019375000000000003 0.04115700000000001
0 0.179140625 0.9699840869565218 0.05124999999999999 0.05672999999999992
0 0.1732421875 0.029627304347826084 0.021875000000000006 0.037820000000000006
0 0.201640625 0.19390969565217392 0.020625000000000004 0.045606999999999995
0 0.202890625 0.05041769565217392 0.020625000000000004 0.047831000000000005
0 0.2203125 0.12355017391304347 0.015625 0.03337000000000002
0 0.27578125 0.2261686956521739 0.03937500000000005 0.047830000000000004
0 0.2909375 0.4993198260869565 0.04749999999999999 0.05005600000000008
0 0.2913671875 0.17283778260869564 0.023125000000000007 0.022247000000000017
0 0.3036328125 0.9603968695652174 0.04249999999999998 0.07675199999999993
0 0.3769921875 0.3331472173913044 0.179375 0.22135699999999997
0 0.3139453125 0.8651405652173914 0.02562500000000001 0.043382000000000046
0 0.316875 0.46435195652173916 0.03312499999999996 0.052280000000000014
0 0.321171875 0.052359173913043476 0.02812500000000001 0.034483
0 0.3194921875 0.1850116956521739 0.021874999999999978 0.04560600000000002
0 0.3355078125 0.09379869565217391 0.04249999999999998 0.04783100000000001
0 0.3387109375 0.8307377391304348 0.04500000000000004 0.07452700000000001
0 0.3370703125 0.8767504347826087 0.026874999999999982 0.04115599999999997
0 0.3548828125 0.526298347826087 0.04250000000000004 0.06451699999999995
0 0.3636328125 0.5739270000000001 0.04125000000000001 0.0800889999999999
0 0.361015625 0.03553291304347826 0.020000000000000018 0.024471999999999994
0 0.3689453125 0.09080630434782608 0.02562500000000001 0.03670700000000001
0 0.3839453125 0.02392404347826087 0.025624999999999953 0.031146
0 0.38453125 0.1453113043478261 0.008750000000000036 0.03670699999999998
0 0.3919140625 0.14976030434782608 0.018125000000000002 0.036708000000000005
0 0.4020703125 0.11639030434782609 0.025624999999999953 0.03781999999999999
0 0.4139453125 0.8301726956521739 0.026874999999999982 0.047831000000000054
0 0.4130859375 0.1664463043478261 0.015000000000000013 0.037819
0 0.4733203125 0.5198178695652174 0.11937499999999995 0.23915499999999992
0 0.4257421875 0.8096648260869566 0.021875000000000033 0.05005599999999998
0 0.443046875 0.8586870000000001 0.02812500000000001 0.08231400000000003
0 0.4396875 0.16074304347826085 0.017500000000000016 0.031146000000000007
0 0.4496875 0.10464017391304348 0.015625 0.034483
0 0.509765625 0.22996365217391307 0.05125000000000002 0.1802
0 0.51296875 0.03526847826086957 0.05500000000000005 0.068965
0 0.4987109375 0.10686417391304348 0.015624999999999944 0.032258999999999996
0 0.5180859375 0.11784691304347827 0.015000000000000013 0.02669599999999999
0 0.5232421875 0.6790349565217391 0.023125000000000062 0.05228000000000006
0 0.5387109375 0.10241517391304349 0.015000000000000013 0.034483000000000014
0 0.554453125 0.7964580869565216 0.03562500000000002 0.05672900000000007
0 0.543984375 0.14037643478260872 0.012500000000000067 0.041156999999999964
0 0.5481640625 0.3669508260869565 0.01937499999999992 0.05005599999999998
0 0.560703125 0.6006850869565218 0.036250000000000004 0.056728999999999974
0 0.5595703125 0.19940960869565216 0.026874999999999982 0.071191
0 0.5628125 0.7463229130434783 0.016249999999999987 0.025583999999999912
0 0.574921875 0.15255034782608698 0.028124999999999956 0.06562799999999999
0 0.5800390625 0.8408729130434782 0.018124999999999947 0.02669600000000005
0 0.5876953125 0.09699443478260869 0.02562500000000001 0.04115700000000001
0 0.68296875 0.1791304347826087 0.18062500000000004 0.3604
0 0.6031640625 0.6596390869565217 0.01937500000000003 0.058955000000000146
0 0.614765625 0.48340321739130443 0.02124999999999999 0.06229099999999987
0 0.6405078125 0.5377669565217391 0.04249999999999998 0.05450499999999999
0 0.6389453125 0.6549867391304348 0.02562500000000001 0.07563999999999989
0 0.6484765625 0.584281608695652 0.034375000000000044 0.07119100000000007
0 0.6615234375 0.4943849565217391 0.030625000000000013 0.05450500000000009
0 0.683828125 0.6435812173913044 0.03562500000000002 0.061179000000000025
0 0.69171875 0.44432895652173915 0.024374999999999925 0.05228100000000001
0 0.715703125 0.6604074782608697 0.036250000000000004 0.0689649999999999
0 0.7113671875 0.4300723043478261 0.021874999999999978 0.03670699999999996
0 0.758203125 0.7548152173913043 0.03562500000000002 0.062292000000000014
0 0.76 0.5267842173913044 0.03312499999999996 0.06229199999999992
0 0.780625 0.43460047826086956 0.03187499999999999 0.06674099999999998
0 0.78828125 0.17034734782608696 0.03937499999999994 0.06451699999999999
0 0.79453125 0.3618126086956522 0.039999999999999925 0.07230300000000002
0 0.8505859375 0.7858370434782609 0.10875000000000001 0.10789799999999994
0 0.906796875 0.14956521739130435 0.18437500000000007 0.299221
0 0.8289453125 0.5324874782608695 0.02562500000000001 0.06674100000000002
0 0.8464453125 0.4026870869565217 0.02562500000000001 0.056730000000000017
0 0.8658203125 0.32308395652173916 0.026874999999999982 0.05450499999999994
0 0.8758984375 0.39469773913043477 0.02937500000000004 0.07341500000000001
0 0.8832421875 0.3319819565217391 0.021874999999999978 0.05450499999999999
0 0.8919921875 0.42541995652173914 0.023125000000000062 0.052280000000000014
0 0.9127734375 0.38871195652173907 0.030625000000000013 0.055617000000000034
0 0.9198828125 0.7236702173913043 0.04125000000000001 0.061179000000000025
0 0.940625 0.6289960434782609 0.03312499999999996 0.10900999999999988
0 0.9408984375 0.3054893043478261 0.030625000000000013 0.035595000000000016
0 0.9551171875 0.9768614347826088 0.02187500000000009 0.041156999999999916
0 0.97171875 0.6525583913043478 0.05500000000000005 0.09121299999999999
0 0.972265625 0.400559347826087 0.05249999999999999 0.143493
