0 0.1371875 0.4907971358234296 0.015625 0.03155599999999997
0 0.21640625 0.5018941714770798 0.008124999999999993 0.01632199999999998
0 0.2342578125 0.4697283786078099 0.010624999999999996 0.013057999999999938
0 0.2687109375 0.4126671714770798 0.014999999999999958 0.014145999999999966
0 0.2923828125 0.3969549643463497 0.011250000000000038 0.017410000000000054
0 0.320234375 0.4478426146010187 0.04375000000000001 0.09140300000000004
0 0.3760546875 0.4936683786078098 0.006250000000000033 0.011968999999999971
0 0.4703125 0.6067713938879457 0.14125 0.28944500000000006
0 0.47953125 0.48061037860780986 0.00874999999999998 0.013057999999999938
0 0.6104296875 0.6379121714770798 0.007499999999999951 0.014146000000000014
0 0.6390625 0.5286661001697793 0.04812499999999997 0.04896599999999993
0 0.6271875 0.8588503073005094 0.01749999999999996 0.04678999999999997
0 0.71015625 0.8084486859083191 0.039999999999999925 0.05549500000000009
0 0.7104296875 0.5633083786078098 0.007499999999999951 0.013058000000000033
0 0.76515625 0.5671831714770799 0.008125000000000049 0.0152339999999999
0 0.9271484375 0.644271271646859 0.02937500000000004 0.06202399999999997
