0 0.5642486875 0.24907484548104955 0.10111199999999998 0.142621
0 0.1937845 0.3101767813411079 0.20444500000000002 0.48258700000000004
0 0.3093968125 0.29469479300291546 0.04111100000000001 0.058043
0 0.343272125 0.16761457142857142 0.09777800000000003 0.14427800000000002
0 0.3352906875 0.42933068221574344 0.07 0.10116099999999996
0 0.344887375 0.5478249708454811 0.07444400000000001 0.06633499999999999
0 0.3936419375 0.7582376967930028 0.07666600000000001 0.069652
0 0.60696225 0.8734917055393585 0.38444400000000006 0.24875700000000012
0 0.455390625 0.030612244897959183 0.05111100000000002 0.06136
0 0.49060775 0.18066834110787172 0.02444400000000002 0.049751000000000004
0 0.583671875 0.15805316326530613 0.028889000000000054 0.04311800000000002
0 0.631319 0.11077521574344022 0.09555600000000009 0.126036
0 0.6078125 0.18730234110787172 0.016666999999999987 0.04975099999999996
0 0.6294313125 0.27193214868804666 0.05666700000000002 0.072969
0 0.6310110625 0.18896034110787172 0.018888999999999934 0.05141000000000003
0 0.6927643125 0.36922813411078714 0.05666699999999991 0.10613599999999998
0 0.7078815 0.21142805247813412 0.04777799999999999 0.08457699999999999
0 0.8638408125 0.6669330379008747 0.04111100000000001 0.11774399999999999
