0 0.033203125 0.375535436123348 0.066875 0.108184
0 0.0148828125 0.3934557151248164 0.01 0.013171000000000072
0 0.16804687499999998 0.3803074346549193 0.09125000000000001 0.08748899999999998
0 0.2713671875 0.39207900440528637 0.05375000000000002 0.06208799999999999
0 0.3173046875 0.3836361439060206 0.006249999999999978 0.015050999999999995
0 0.3391796875 0.3454787151248164 0.007500000000000007 0.01317000000000001
0 0.3705078125 0.3911611439060206 0.011250000000000038 0.015051999999999975
0 0.4365625 0.38973857415565344 0.046875 0.04045200000000003
0 0.493359375 0.3907944317180616 0.04375000000000001 0.04609600000000001
0 0.543359375 0.3837958604992658 0.04375000000000007 0.04891799999999998
0 0.58390625 0.373562718061674 0.04062500000000002 0.053621999999999996
0 0.6334375 0.3890272892804699 0.04874999999999996 0.05079999999999999
0 0.8264453125 0.37815186049926586 0.339375 0.049858999999999966
