0 0.35932325000000004 0.6565625 0.32166599999999995 0.20499999999999996
0 0.4249479166666667 0.868515625 0.3116670000000001 0.208125
0 0.5602600833333332 0.606328125 0.03416700000000006 0.036250000000000004
0 0.5631774166666667 0.5805859375 0.014166000000000048 0.015000000000000013
0 0.5917705 0.618046875 0.04750000000000002 0.02749999999999997
0 0.6822913333333332 0.291640625 0.07500000000000002 0.05249999999999999
0 0.6708333333333334 0.5924609375 0.04333299999999992 0.04625000000000001
0 0.6915621666666666 0.553125 0.038334000000000014 0.03249999999999997
0 0.8492704999999999 0.83234375 0.2983340000000001 0.1812499999999999
0 0.7561458333333334 0.270078125 0.05916699999999997 0.03562500000000002
0 0.84380175 0.299609375 0.08833399999999998 0.044375
0 0.8940621666666666 0.2701953125 0.036667000000000005 0.02562500000000001
0 0.954583 0.5165234375000001 0.06416700000000015 0.06187499999999996
0 0.9646871666666668 0.454453125 0.06833399999999996 0.03562499999999996
