0 0.4856770833333333 0.3650390625 0.971667 0.7056250000000001
0 0.03442708333333334 0.938671875 0.034166999999999996 0.028749999999999942
0 0.13182291666666665 0.8946875 0.03000000000000001 0.015625
0 0.16572916666666668 0.917265625 0.036667000000000005 0.020625000000000004
0 0.16979200000000003 0.86296875 0.03166599999999999 0.02375000000000005
0 0.17109408333333334 0.881796875 0.03416600000000001 0.02749999999999997
0 0.3035940833333333 0.8333984375 0.035833000000000004 0.02937500000000004
0 0.40635383333333336 0.8995703125 0.027500000000000007 0.02562500000000001
0 0.4826559166666667 0.7157421875 0.029166999999999943 0.02187500000000009
0 0.8273955000000001 0.786484375 0.20500000000000007 0.13812499999999994
0 0.9378649166666667 0.8564453125 0.12250000000000005 0.18312499999999998
