0 0.27379902489019037 0.0798046875 0.11444599999999996 0.07
0 0.013177159590043924 0.88515625 0.027205 0.03937500000000005
0 0.03074670571010249 0.3546875 0.061914 0.07874999999999999
0 0.040995607613469986 0.123359375 0.084428 0.044375
0 0.11499034992679356 0.3983203125 0.076923 0.05812499999999998
0 0.20680909224011712 0.3707421875 0.07223200000000002 0.05312500000000003
0 0.31894128257686677 0.197265625 0.12101300000000005 0.05124999999999999
0 0.44050634992679355 0.2603125 0.076923 0.04812499999999997
0 0.4999740614934114 0.3244140625 0.04878000000000006 0.049375
0 0.7954710614934114 0.2348828125 0.04878099999999994 0.010624999999999996
0 0.8032035768667642 0.2052734375 0.05910000000000007 0.030625000000000013
0 0.8548427364568082 0.174609375 0.08724200000000013 0.044375
