0 0.2741015625 0.486687 0.06562499999999999 0.13538500000000003
0 0.0732421875 0.675897 0.148125 0.6430769999999999
0 0.1245703125 0.140185 0.08812500000000001 0.092307
0 0.11796875 0.34703599999999996 0.05500000000000001 0.100513
0 0.14167968749999998 0.067487 0.069375 0.097436
0 0.13468750000000002 0.384492 0.0475 0.07589800000000005
0 0.1448828125 0.966359 0.04187500000000001 0.06461499999999996
0 0.16328125 0.771159 0.07125000000000001 0.07384599999999991
0 0.1909765625 0.662441 0.06625 0.07487200000000002
0 0.1990234375 0.455754 0.060624999999999984 0.10153800000000002
0 0.230546875 0.0544 0.12187499999999998 0.111795
0 0.206953125 0.8374149999999999 0.06687500000000002 0.10769300000000002
0 0.209375 0.572554 0.0625 0.09538400000000001
0 0.2132421875 0.939159 0.05374999999999999 0.09230799999999999
0 0.2280078125 0.361846 0.07312500000000002 0.09743599999999997
0 0.2405078125 0.9830559999999999 0.04124999999999998 0.028718000000000028
0 0.26796875 0.898503 0.056249999999999994 0.11179399999999987
0 0.2984765625 0.139979 0.06562499999999999 0.10871799999999998
0 0.3262890625 0.796964 0.04999999999999999 0.10974399999999997
0 0.33484375 0.0336 0.05625000000000002 0.067692
0 0.366328125 0.630236 0.0675 0.10666700000000001
0 0.3769921875 0.832615 0.053749999999999964 0.09743600000000006
0 0.382890625 0.720903 0.05249999999999999 0.07384600000000001
0 0.41390625 0.11593800000000001 0.07187500000000002 0.10974400000000001
0 0.4101953125 0.016 0.057499999999999996 0.034872
0 0.432578125 0.8957129999999999 0.06687500000000002 0.07179500000000007
0 0.428984375 0.631795 0.04437500000000005 0.08205099999999993
0 0.4483203125 0.291528 0.057499999999999996 0.09435899999999997
0 0.4474609375 0.8182149999999999 0.04625000000000001 0.06769300000000003
0 0.4543359375 0.725908 0.04562499999999997 0.067692
0 0.474921875 0.15113800000000002 0.06 0.099488
0 0.5048828125 0.8033640000000001 0.073125 0.12205099999999994
0 0.5072265625 0.42317899999999997 0.06562500000000004 0.112821
0 0.505859375 0.304944 0.04437500000000005 0.07179400000000001
0 0.5126953125 0.632738 0.057499999999999996 0.10256499999999996
0 0.527265625 0.18884099999999998 0.05125000000000002 0.08820500000000002
0 0.5683984375 0.0176 0.06125000000000003 0.036923
0 0.57171875 0.32960000000000006 0.05499999999999994 0.10153799999999996
0 0.5771484375 0.9270560000000001 0.06125000000000003 0.07384699999999994
0 0.61125 0.186626 0.06312499999999999 0.13230699999999998
0 0.6316015625 0.368246 0.06562500000000004 0.11179499999999998
0 0.6452734375 0.960451 0.06125000000000003 0.07692299999999995
0 0.6594140625 0.6237540000000001 0.050000000000000044 0.11794899999999989
0 0.7002734375 0.0336 0.061249999999999916 0.067692
0 0.700390625 0.9609030000000001 0.05249999999999999 0.07487099999999991
0 0.7072265625 0.458133 0.06562499999999993 0.09025699999999998
0 0.723125 0.686851 0.0625 0.09025699999999998
0 0.7260546875 0.568 0.06874999999999998 0.09641000000000004
0 0.7316015625 0.76 0.06562500000000004 0.08205099999999993
0 0.7445703125 0.924718 0.057499999999999996 0.11384599999999992
0 0.778125 0.7876920000000001 0.0625 0.08205200000000004
0 0.79734375 0.436841 0.05499999999999994 0.10461500000000001
0 0.8072265625 0.898708 0.06499999999999995 0.09435900000000001
0 0.806796875 0.701005 0.05875000000000008 0.10769200000000001
0 0.819765625 0.815056 0.05249999999999999 0.0923079999999999
0 0.8205859375 0.572103 0.04625000000000001 0.09743500000000004
0 0.845546875 0.7227490000000001 0.05999999999999994 0.09230699999999997
0 0.8494140625 0.46338500000000005 0.050000000000000044 0.09846099999999997
0 0.869609375 0.6029950000000001 0.04312499999999997 0.10461499999999996
0 0.8855078125 0.0176 0.073125 0.036923
0 0.879765625 0.730913 0.05249999999999999 0.06153800000000001
0 0.88015625 0.9177029999999999 0.040000000000000036 0.06871800000000021
0 0.900546875 0.319344 0.06000000000000005 0.10153800000000002
0 0.901640625 0.450503 0.05125000000000002 0.09538400000000001
0 0.9195703125 0.202626 0.05812499999999998 0.086153
0 0.953046875 0.8621540000000001 0.09125000000000005 0.27282
0 0.9527734375 0.447549 0.06125000000000003 0.10153800000000002
0 0.9719921875 0.208123 0.053749999999999964 0.10461500000000001
0 0.972265625 0.526933 0.05249999999999999 0.06871799999999993
0 0.973515625 0.332431 0.05125000000000002 0.08820500000000002
