0 0.3649390189274448 0.4820458125 0.04571400000000001 0.04244099999999995
0 0.3914868706624606 0.459367625 0.032857 0.021220000000000017
0 0.417875920084122 0.436676125 0.037142999999999995 0.03580899999999998
0 0.48448264248159834 0.428739625 0.055714 0.17639199999999994
0 0.5396813953732912 0.48357675 0.03571400000000008 0.05570299999999995
0 0.5631335436382756 0.4266205 0.047142999999999866 0.04774499999999998
0 0.6169042965299684 0.4965630625 0.025714000000000032 0.05039699999999997
0 0.6759905436382756 0.5459835 0.047142999999999866 0.047746000000000066
0 0.7014079695057833 0.4628516875 0.040000000000000084 0.038461999999999996
0 0.7314079695057834 0.4714358125 0.03999999999999996 0.042441000000000006
0 0.7775783459516298 0.481696375 0.03142900000000007 0.043766999999999945
