0 0.005859375 0.9404180307467057 0.011875 0.025329000000000018
0 0.0478515625 0.4950036691068814 0.0975 0.12945499999999996
0 0.0092578125 0.9553137730600292 0.01125 0.01876200000000013
0 0.02609375 0.6720117730600292 0.024375 0.01782399999999999
0 0.049375 0.743946159590044 0.033125 0.02720499999999997
0 0.055859375 0.9931353865300147 0.011874999999999997 0.010318999999999958
0 0.0680078125 0.9908475153733528 0.011249999999999996 0.014071000000000028
0 0.0929296875 0.8181252576866764 0.007500000000000007 0.007505000000000113
0 0.0966796875 0.7993632576866764 0.007500000000000007 0.007504999999999947
0 0.101953125 0.8097965153733528 0.005624999999999991 0.013133000000000136
0 0.1103515625 0.8135485153733528 0.0037500000000000033 0.01313399999999994
0 0.1262109375 0.8534746442166911 0.014375000000000013 0.015009000000000088
0 0.1386328125 0.7848803865300147 0.009999999999999981 0.010318999999999958
0 0.1441796875 0.7970753865300148 0.0062500000000000056 0.01125699999999985
0 0.1536328125 0.784055644216691 0.010624999999999996 0.01594800000000012
0 0.1662109375 0.8229295153733529 0.015000000000000013 0.014070999999999861
0 0.170078125 0.8721223865300146 0.0050000000000000044 0.009381000000000065
0 0.178984375 0.8102083865300147 0.013124999999999998 0.011257000000000017
0 0.2598828125 0.8632675153733529 0.010624999999999996 0.014071000000000028
0 0.2635546875 0.8524223865300146 0.006249999999999978 0.009381000000000065
0 0.2873828125 0.8505463865300147 0.010000000000000009 0.011257000000000017
0 0.2873828125 0.8603392576866764 0.010000000000000009 0.008443000000000006
0 0.3412109375 0.49992990190336745 0.015000000000000013 0.021575999999999974
0 0.353828125 0.9094620307467056 0.03562500000000002 0.025328000000000045
0 0.340078125 0.5164731288433383 0.0050000000000000044 0.005628999999999994
0 0.34828125 0.5171135153733528 0.008750000000000036 0.013133000000000053
0 0.3609765625 0.49489712884333825 0.003750000000000031 0.004691000000000019
0 0.3647265625 0.4930211288433382 0.0025000000000000022 0.0037529999999999595
0 0.3742578125 0.9954232576866765 0.010000000000000009 0.006566999999999887
0 0.4730078125 0.5603797730600293 0.010000000000000009 0.017823000000000016
0 0.4904296875 0.5593275153733529 0.007500000000000007 0.01219499999999991
0 0.4998828125 0.5888203865300146 0.011249999999999982 0.009381000000000065
0 0.50890625 0.5723462576866764 0.008125000000000049 0.00750500000000003
0 0.5629296875 0.9931353865300147 0.0068749999999999645 0.010318999999999958
0 0.603671875 0.7699145461200585 0.028125000000000067 0.036586000000000035
0 0.6283203125 0.7237210307467057 0.02562500000000001 0.02626599999999994
0 0.6515625 0.9596802210834553 0.04874999999999996 0.07598499999999994
0 0.672421875 0.8963280307467058 0.028125000000000067 0.025329000000000018
0 0.7096484375 0.9809845461200587 0.02937500000000004 0.03564699999999984
0 0.726875 0.9208322884333822 0.03249999999999997 0.03189499999999993
0 0.839296875 0.8637235461200585 0.028124999999999956 0.03658500000000006
