0 0.009722773060029282 0.4271875 0.017824 0.017500000000000016
0 0.04642203074670571 0.420234375 0.025329000000000008 0.011875000000000024
0 0.06143203074670572 0.4537109375 0.02626599999999999 0.013749999999999984
0 0.25067057686676425 0.334296875 0.05910000000000003 0.027500000000000024
0 0.2987593133235725 0.9305078125 0.14352700000000002 0.04249999999999998
0 0.38976203074670573 0.526484375 0.02532799999999996 0.013124999999999942
0 0.41904460761347 0.29984375 0.08442800000000003 0.05499999999999999
0 0.44732680380673495 0.371796875 0.041276 0.02749999999999997
0 0.4417689019033675 0.4053125 0.020638 0.016874999999999973
0 0.44886103074670564 0.454765625 0.023452000000000094 0.020625000000000004
0 0.4666850307467057 0.506796875 0.02532799999999996 0.027500000000000024
0 0.47377715959004396 0.2378125 0.028142999999999946 0.016875
0 0.49738757686676427 0.2170703125 0.05910000000000007 0.05812500000000001
0 0.49025128843338217 0.2546875 0.030956999999999957 0.015625
0 0.4931795461200586 0.3571875 0.03564699999999992 0.015625
0 0.500797803806735 0.156015625 0.04127600000000008 0.020625000000000004
0 0.49764203074670565 0.279296875 0.02532799999999996 0.027500000000000024
0 0.5212082884333821 0.28109375 0.030955999999999984 0.02375000000000005
0 0.534753159590044 0.227890625 0.028142999999999863 0.020624999999999977
0 0.5374539019033675 0.131171875 0.022513999999999867 0.028749999999999998
0 0.5436080307467057 0.2921875 0.02345200000000001 0.017500000000000016
0 0.5477719019033674 0.1205078125 0.022514000000000034 0.009999999999999981
0 0.5686384172767204 0.2921875 0.03283300000000008 0.015625
0 0.5655959019033675 0.209140625 0.020637999999999917 0.020625000000000004
0 0.5760992576866765 0.1265625 0.0075040000000000575 0.017500000000000016
0 0.5848840307467057 0.2209375 0.02532799999999996 0.016875
0 0.5876980307467057 0.277109375 0.025328000000000045 0.013124999999999998
0 0.7155592093704246 0.9135546875 0.25703599999999993 0.06999999999999995
0 0.606986159590044 0.4063671875 0.028142000000000056 0.02250000000000002
0 0.6743360863836018 0.3153515625 0.16134999999999997 0.06624999999999998
0 0.6632711595900439 0.3709375 0.028142000000000056 0.01687500000000003
