0 0.365234375 0.45312458333333333 0.07421899999999998 0.11197999999999997
0 0.0517578125 0.2304684166666667 0.104492 0.26562499999999994
0 0.10937512499999999 0.9596355 0.099609 0.078125
0 0.2587891875 0.74349 0.022461000000000036 0.033853999999999974
0 0.26171875 0.9427084166666666 0.023438000000000014 0.04557299999999994
0 0.526367 0.16276041666666666 0.06445300000000004 0.139323
0 0.5283204375 0.4036454166666667 0.029297000000000017 0.04557299999999994
0 0.5390624375 0.3554689166666667 0.029296999999999906 0.059896000000000026
0 0.606445625 0.4856770833333333 0.08300799999999997 0.09895799999999995
0 0.6035159375 0.6562505 0.04492200000000002 0.08072900000000012
0 0.6328128125 0.3151045833333333 0.105468 0.08203100000000003
0 0.5976560625 0.4166667499999999 0.019530999999999965 0.055989000000000066
0 0.6289066875 0.4309891666666667 0.03906200000000004 0.03776100000000001
0 0.6660155625 0.6640625 0.06542999999999999 0.078125
0 0.6953120625 0.3606770000000001 0.018554999999999988 0.033853999999999974
0 0.7148440625 0.35546925 0.019530999999999965 0.040364000000000066
0 0.7783201875 0.3255210833333333 0.022461000000000064 0.0364580000000001
0 0.799804625 0.29817716666666666 0.021483999999999948 0.03906200000000004
0 0.8046871875 0.33463525 0.022460999999999953 0.040364999999999984
