0 0.078125 0.3854165833333334 0.158203 0.145833
0 0.0253905 0.6054684166666666 0.048827999999999996 0.0755210000000001
0 0.1289060625 0.25911449999999997 0.174805 0.17187500000000008
0 0.177734375 0.8984373333333334 0.262695 0.1992189999999998
0 0.1464844375 0.58984325 0.060547000000000004 0.040364999999999984
0 0.218749625 0.6510415 0.019531999999999994 0.015625
0 0.2265628125 0.6341144166666667 0.010742000000000002 0.014323000000000011
0 0.294922125 0.6184895 0.068359 0.07942699999999998
0 0.4150386875 0.7526045 0.28711000000000003 0.484375
0 0.609375 0.44921916666666667 0.063477 0.07031200000000008
0 0.6806639375 0.4361979999999999 0.07617200000000002 0.125
0 0.8183593125 0.6679684166666666 0.11914099999999994 0.23177100000000017
