0 0.7144203398692811 0.191171875 0.11631799999999994 0.09062500000000001
0 0.0915748431372549 0.203984375 0.03932999999999999 0.044375
0 0.11092522222222223 0.16078125 0.045188000000000006 0.03937500000000002
0 0.16280822222222222 0.148828125 0.04602500000000002 0.03562499999999999
0 0.20491165359477126 0.16875 0.03681999999999998 0.0325
0 0.32777056862745096 0.1885546875 0.009205000000000022 0.006874999999999992
0 0.35930713725490193 0.22515625 0.015899999999999997 0.008750000000000008
0 0.3911071372549019 0.3118359375 0.015898999999999996 0.013749999999999984
0 0.4149039477124183 0.4021875 0.01422600000000004 0.01687500000000003
0 0.42253932679738565 0.2299609375 0.01840999999999997 0.013750000000000012
0 0.4568493267973856 0.2801171875 0.020083 0.02250000000000002
0 0.47933894771241825 0.5973828125 0.0133890000000001 0.010000000000000009
0 0.500730137254902 0.4092578125 0.015899999999999997 0.010000000000000009
0 0.5044439477124183 0.650859375 0.013388999999999951 0.011874999999999969
0 0.5108755163398693 0.4840625 0.022594999999999976 0.016874999999999973
0 0.5337329477124184 0.533515625 0.014225999999999893 0.020625000000000004
0 0.546755137254902 0.6242578125 0.015899999999999997 0.010624999999999996
0 0.787234274509804 0.1760546875 0.031798999999999994 0.037500000000000006
