0 0.0068359375 0.9449947730600292 0.01375 0.019700000000000023
0 0.091796875 0.1698389458272328 0.184375 0.342402
0 0.0219921875 0.9199643865300147 0.021875000000000002 0.011257000000000017
0 0.0325 0.9755840614934114 0.031875 0.04690400000000002
0 0.058125 0.9044734172767204 0.033124999999999995 0.03470899999999994
0 0.078984375 0.8404549019033676 0.012500000000000011 0.021575999999999974
0 0.1093359375 0.9347900307467057 0.013750000000000012 0.024389999999999988
0 0.1249609375 0.863083159590044 0.013749999999999998 0.02720499999999997
0 0.12843749999999998 0.9004929019033675 0.01625 0.021575999999999974
0 0.1384375 0.8680717730600293 0.015625 0.017824000000000072
0 0.138984375 0.8488979019033676 0.013124999999999998 0.022514000000000034
0 0.154609375 0.8879992884333822 0.012500000000000011 0.03001899999999998
0 0.195234375 0.9098739019033676 0.011875000000000024 0.021575999999999974
0 0.227890625 0.9571196749633967 0.05249999999999999 0.03846199999999999
0 0.22671875 0.8593311595900439 0.024375000000000008 0.027204
0 0.24609375 0.8396311595900439 0.02437499999999998 0.02908100000000009
0 0.352109375 0.11859443631039532 0.2 0.23827399999999999
0 0.26671875 0.8179409019033675 0.02437499999999998 0.022514000000000034
0 0.2757421875 0.9694990307467058 0.021874999999999978 0.024389999999999988
0 0.2876171875 0.9000810307467058 0.023125000000000007 0.023451999999999928
0 0.287734375 0.8408677730600292 0.012500000000000011 0.0178230000000001
0 0.3243359375 0.891935644216691 0.014374999999999971 0.016886000000000012
0 0.3326953125 0.9690871595900439 0.02562500000000001 0.02814300000000003
0 0.3319921875 0.9207190307467057 0.023125000000000007 0.023452000000000094
0 0.3369140625 0.8854839019033675 0.01874999999999999 0.022514000000000034
0 0.3469140625 0.8616190307467058 0.019374999999999976 0.02532899999999985
0 0.3612890625 0.9886729019033675 0.018750000000000044 0.020637999999999917
0 0.3803125 0.9770040307467057 0.015625 0.023451999999999928
0 0.3803125 0.9370779019033676 0.01687500000000003 0.020637999999999917
0 0.3921875 0.9061209019033675 0.016874999999999973 0.022515000000000007
0 0.391484375 0.9857446442166911 0.012500000000000011 0.015946999999999982
0 0.41921875 0.8879992884333822 0.024375000000000036 0.03001899999999998
0 0.4484375 0.8869480307467056 0.01687500000000003 0.026266000000000105
0 0.499609375 0.039899190336749636 0.04312499999999997 0.05253300000000002
0 0.5606640625 0.9188420307467058 0.01937500000000003 0.025329000000000018
0 0.5909375 0.924768644216691 0.01749999999999996 0.016886000000000012
0 0.6034375 0.9412427730600293 0.016875000000000084 0.019699999999999857
0 0.78734375 0.7747205900439238 0.27437500000000004 0.35459699999999994
0 0.730625 0.2142439941434846 0.06437500000000007 0.09287000000000001
0 0.7862890625 0.23204977306002927 0.018125000000000058 0.018760999999999993
0 0.7875390625 0.19464003074670572 0.01937499999999992 0.02626599999999998
0 0.8740625 0.18413667496339678 0.016249999999999987 0.03846200000000001
0 0.9432421875 0.7949449326500732 0.02312499999999995 0.04409000000000018
