0 0.12446097393689987 0.153984375 0.09841799999999999 0.07499999999999998
0 0.12062452126200275 0.31671875 0.08172199999999999 0.05625000000000002
0 0.10954310013717422 0.7917578125 0.05272399999999999 0.04249999999999998
0 0.10394864746227708 0.6419921875 0.036028 0.05437500000000006
0 0.11355084224965704 0.703203125 0.055360000000000006 0.03562499999999991
0 0.216235231824417 0.445703125 0.09402400000000005 0.06812500000000005
0 0.2173483264746228 0.343359375 0.06239099999999999 0.044375
0 0.23695910013717422 0.1433203125 0.052724000000000014 0.02687500000000001
0 0.2410316474622771 0.0990625 0.03602799999999999 0.016875
0 0.25371890534979424 0.096171875 0.03339200000000001 0.028749999999999998
0 0.2871109053497943 0.0920703125 0.03427099999999998 0.025624999999999995
0 0.3007856474622771 0.6892578125 0.03602799999999999 0.073125
0 0.32170335802469135 0.436875 0.050966999999999964 0.06437499999999996
0 0.31885238957476 0.0952734375 0.03866499999999994 0.030625
0 0.3491156474622771 0.7690234375 0.03602800000000003 0.06125000000000003
0 0.3881659053497942 0.4359765625 0.03339200000000005 0.06624999999999998
0 0.3897089368998628 0.54359375 0.024604000000000046 0.05500000000000005
0 0.39931113168724275 0.706015625 0.04130000000000003 0.05249999999999999
0 0.406169842249657 0.7998046875 0.055360000000000076 0.06874999999999998
0 0.4008541632373114 0.6272265625 0.03163400000000003 0.06500000000000006
0 0.42813784224965706 0.1579296875 0.05535999999999999 0.07
0 0.4462693895747599 0.4349609375 0.04042200000000003 0.04562500000000003
0 0.45340687379972566 0.298125 0.043935999999999975 0.03250000000000003
0 0.4724601001371742 0.16015625 0.05272399999999997 0.071875
0 0.46823738957475997 0.25992187499999997 0.04042199999999995 0.027499999999999997
0 0.4864764211248285 0.29046875 0.028998000000000006 0.02437499999999998
0 0.4987794211248285 0.26859375 0.028119000000000036 0.023749999999999993
0 0.6008448847736625 0.58546875 0.21441100000000005 0.18125000000000002
0 0.5540544897119342 0.155 0.09314600000000009 0.06312500000000001
0 0.6814513635116598 0.3096875 0.13444599999999995 0.08000000000000002
0 0.7103418792866941 0.1805859375 0.12917399999999993 0.076875
0 0.7244858106995884 0.5525 0.06678400000000002 0.06374999999999997
0 0.8064227791495199 0.551328125 0.07908599999999996 0.06687500000000002
0 0.8475951687242799 0.263671875 0.11775099999999994 0.06
0 0.848172842249657 0.1324609375 0.05535999999999999 0.04625
