0 0.613501411764706 0.9455078125 0.09887000000000003 0.073125
0 0.15 0.698125 0.300377 0.188125
0 0.12475870588235294 0.803203125 0.02542400000000002 0.03562500000000002
0 0.1513570588235294 0.8248828125 0.035782 0.04125000000000001
0 0.1959625882352941 0.8434375 0.053672000000000004 0.0475000000000001
0 0.2003210588235294 0.800078125 0.035782 0.03562500000000002
0 0.23757364705882353 0.8209765625 0.03860600000000001 0.034375000000000044
0 0.2569875294117647 0.871015625 0.06779600000000001 0.05249999999999999
0 0.2790046470588235 0.8022265625 0.03860600000000005 0.03437499999999993
0 0.29230382352941175 0.8417578125 0.046138999999999986 0.04125000000000001
0 0.31890117647058824 0.9282421875 0.05649799999999997 0.05437500000000006
0 0.3176106470588235 0.8160546875 0.038606999999999995 0.03749999999999998
0 0.3283810588235294 0.743046875 0.03672399999999995 0.028750000000000053
0 0.3312060588235294 0.778671875 0.03578200000000004 0.02749999999999997
0 0.34144788235294116 0.723515625 0.031073000000000035 0.020625000000000004
0 0.366808 0.8838671875 0.051789 0.05312499999999998
0 0.36522123529411765 0.7352734375 0.043314 0.030625000000000013
0 0.36845864705882353 0.76578125 0.03860600000000001 0.03937500000000005
0 0.36845864705882353 0.7991015625 0.03860600000000001 0.03375000000000006
0 0.3829950588235294 0.83984375 0.03578199999999996 0.024375000000000036
0 0.4005259411764705 0.9233203125 0.06685500000000008 0.05812499999999998
0 0.3878831176470588 0.7478515625 0.020716000000000012 0.03375000000000006
0 0.40536170588235293 0.8141796875 0.025424 0.038124999999999964
0 0.41418523529411766 0.7796484375 0.04331399999999996 0.030625000000000013
0 0.4142491176470588 0.8751171875 0.02071500000000003 0.021874999999999978
0 0.4333667647058823 0.9786328125 0.06120500000000006 0.04125000000000001
0 0.45308747058823523 0.766875 0.03389900000000005 0.03249999999999997
0 0.45715070588235296 0.796328125 0.025424 0.03562499999999991
0 0.4645036470588235 0.84375 0.04048999999999995 0.03249999999999997
0 0.4810402352941176 0.9018359375 0.04331400000000012 0.04625000000000001
0 0.4976407058823529 0.7775 0.026365000000000006 0.032500000000000084
0 0.510876 0.8574609375 0.051789 0.04625000000000001
0 0.5212968823529411 0.819921875 0.031073999999999977 0.02749999999999997
0 0.5435996470588236 0.7953515625 0.038606999999999954 0.03437499999999993
0 0.5672568235294116 0.8367578125 0.04613900000000003 0.04125000000000001
0 0.6189296470588236 0.9155078125 0.04048899999999996 0.04249999999999998
0 0.6384702941176471 0.82578125 0.028248999999999903 0.03937499999999994
0 0.6696604705882352 0.867109375 0.032957000000000056 0.04437500000000005
0 0.6728978823529411 0.836796875 0.03107400000000006 0.02749999999999997
0 0.7514014117647059 0.9726171875 0.048964000000000014 0.05312499999999998
0 0.7629966470588235 0.930234375 0.04048999999999995 0.04437500000000005
0 0.8003654117647059 0.882109375 0.048964000000000014 0.04437500000000005
0 0.9386672352941177 0.9411328125 0.04143100000000004 0.04249999999999998
0 0.9444334117647057 0.9786328125 0.048964000000000014 0.04125000000000001
