0 0.0616796875 0.75723925 0.1 0.13333399999999992
0 0.029296875 0.97786425 0.059375 0.04083400000000011
0 0.0764453125 0.5147399166666666 0.058124999999999996 0.0925000000000001
0 0.15238281250000002 0.5928121666666666 0.07375 0.10000000000000009
0 0.25691406250000004 0.5399479166666666 0.050625 0.06083300000000006
0 0.3987109375 0.35411425 0.07625000000000004 0.10333399999999997
0 0.446953125 0.8086975833333333 0.06812499999999999 0.08166699999999993
0 0.4750390625 0.25265624999999997 0.049375 0.07083300000000003
0 0.5121484375 0.48942708333333335 0.030624999999999958 0.03416699999999998
0 0.5384765625 0.35744791666666664 0.03375000000000006 0.06083299999999995
0 0.6319921875 0.35223958333333333 0.05312499999999998 0.05166699999999994
0 0.67875 0.393542 0.06437500000000007 0.09499999999999997
0 0.7069921875 0.24744791666666666 0.05312499999999998 0.06000000000000002
0 0.7273828125 0.8433336666666666 0.04249999999999998 0.0858329999999999
0 0.744375 0.2572913333333333 0.06312499999999999 0.07416700000000002
0 0.7675390625 0.4052604166666667 0.04999999999999993 0.07749999999999997
0 0.7988671875 0.26161425 0.05312500000000009 0.10166700000000002
0 0.8230078125 0.27348924999999996 0.04125000000000001 0.07250000000000005
0 0.8308203125 0.32182325 0.05812499999999998 0.07250000000000001
0 0.8615625 0.4389065833333334 0.015625 0.05166599999999999
0 0.95375 0.6986975833333333 0.06437499999999996 0.080834
