0 0.022265625 0.148125 0.020625 0.032499999999999994
0 0.0562890625 0.17651041666666667 0.018125000000000002 0.014167000000000004
0 0.0653125 0.0178125 0.016874999999999994 0.0175
0 0.0756640625 0.022708333333333334 0.01937499999999999 0.011666999999999997
0 0.11984375 0.06874966666666667 0.024375000000000008 0.022500000000000003
0 0.1369140625 0.1941145833333333 0.019375000000000003 0.019167000000000007
0 0.1577734375 0.024322916666666666 0.030624999999999986 0.030833
0 0.1606640625 0.159792 0.019375000000000003 0.033333
0 0.171171875 0.10968783333333333 0.02812500000000001 0.027499999999999986
0 0.1901171875 0.04718783333333334 0.023125000000000007 0.027499999999999997
0 0.3188671875 0.05578158333333333 0.021875000000000033 0.018333000000000006
