0 0.6666010625 0.6036455 0.11250000000000004 0.14166700000000013
0 0.3517583125 0.6223961666666668 0.057811999999999975 0.09999999999999994
0 0.4095698125 0.6138024166666667 0.073438 0.10833299999999986
0 0.501171875 0.551042 0.05937500000000001 0.0958329999999999
0 0.5375 0.5755211666666668 0.06406200000000006 0.06874999999999994
0 0.5431645625 0.5036455000000001 0.06562500000000004 0.07916699999999992
0 0.5718745 0.7466145833333334 0.07968800000000009 0.08124999999999982
0 0.5734375 0.6812503333333334 0.078125 0.10624999999999996
0 0.5958984375 0.6124996666666668 0.06093699999999991 0.08333399999999995
0 0.6548823125 0.7148434166666666 0.057813 0.07708400000000015
