0 0.35464843749999997 0.4814793666061705 0.34187500000000004 0.5127910000000001
0 0.0546875 0.8168823212341199 0.11 0.361628
0 0.22578125 0.31887085480943733 0.22812500000000002 0.315116
0 0.364765625 0.12375828130671505 0.08374999999999999 0.145349
0 0.3658984375 0.1675199891107078 0.06124999999999997 0.12441899999999999
0 0.444296875 0.1666944555353902 0.09125 0.172093
0 0.5258203125 0.323781332123412 0.12062500000000004 0.23604599999999998
0 0.6525 0.203384500907441 0.2512500000000001 0.325582
0 0.85609375 0.2799877368421052 0.24375000000000002 0.31744200000000006
0 0.949453125 0.1643925063520871 0.09875 0.26279099999999994
