0 0.32828125 0.5906963865300147 0.00874999999999998 0.010318999999999958
0 0.34078125 0.6062315153733528 0.008750000000000036 0.013133000000000053
0 0.3848828125 0.5882683191800878 0.07250000000000001 0.055346999999999945
0 0.4266015625 0.5137733865300146 0.003750000000000031 0.010319000000000042
0 0.574453125 0.6018391288433382 0.005624999999999991 0.0037529999999999595
0 0.576953125 0.5840161288433382 0.004375000000000018 0.005628000000000023
0 0.582578125 0.5840161288433382 0.0050000000000000044 0.005628000000000023
0 0.5828515625 0.5911082576866764 0.00374999999999992 0.008443000000000006
0 0.5928515625 0.5817272576866764 0.00374999999999992 0.007505000000000113
0 0.5948046875 0.5633781288433383 0.007499999999999951 0.003751999999999987
0 0.6141796875 0.5738103865300146 0.006250000000000089 0.0112570000000001
0 0.626953125 0.5742232576866764 0.005624999999999991 0.007503999999999974
0 0.651484375 0.6133246442166911 0.011874999999999969 0.01688500000000004
0 0.67890625 0.6314462576866765 0.008124999999999938 0.008442999999999923
0 0.6880078125 0.5977885153733529 0.010000000000000009 0.012195999999999966
0 0.6917578125 0.5684099019033675 0.011249999999999982 0.022514000000000034
0 0.70078125 0.5698740307467057 0.009375000000000022 0.026266999999999912
0 0.717109375 0.5740389019033675 0.012499999999999956 0.020637999999999917
0 0.73140625 0.5644293865300146 0.009374999999999911 0.009380999999999981
0 0.736328125 0.586119644216691 0.0050000000000000044 0.01501000000000006
0 0.755078125 0.5593275153733529 0.005624999999999991 0.01219499999999991
0 0.7647265625 0.5760992576866765 0.0024999999999999467 0.0075040000000000575
0 0.7679296875 0.5858921288433382 0.007499999999999951 0.005628000000000106
0 0.775703125 0.5708821288433382 0.0050000000000000044 0.0037530000000000428
0 0.7804296875 0.5813153865300147 0.0068750000000000755 0.009381000000000065
0 0.7948046875 0.5802631288433382 0.006249999999999978 0.0037530000000000428
0 0.8085546875 0.5775633865300147 0.0068749999999999645 0.009380999999999981
0 0.811953125 0.5877681288433383 0.004999999999999893 0.0056279999999999395
0 0.823203125 0.5948602576866764 0.0050000000000000044 0.00656699999999997
0 0.9067578125 0.6179003865300147 0.010624999999999996 0.009380999999999981
0 0.9085546875 0.6033032576866765 0.0068749999999999645 0.007504999999999947
0 0.921953125 0.5952731288433383 0.0050000000000000044 0.004689999999999963
0 0.9298828125 0.6122723865300146 0.010000000000000009 0.0112570000000001
0 0.9523046875 0.6324985153733529 0.007500000000000062 0.014070999999999945
0 0.96640625 0.6324985153733529 0.008749999999999925 0.012194999999999994
0 0.9691796875 0.6511462576866764 0.006249999999999978 0.0075040000000000575
0 0.9915625 0.5930284172767204 0.015625 0.03470899999999994
