0 0.830282125 0.2889281875 0.22385600000000005 0.147059
0 0.0341796875 0.322061625 0.070261 0.08333299999999999
0 0.06783625 0.27439487500000004 0.071895 0.060457999999999984
0 0.1012494375 0.37083825 0.031046000000000004 0.03921600000000003
0 0.14204187499999998 0.310342875 0.058824 0.06045699999999998
0 0.19600225 0.2718226875 0.040849000000000024 0.037582000000000004
0 0.1969788125 0.3231149375 0.04248300000000002 0.04575100000000004
0 0.2237216875 0.1044215 0.06862800000000002 0.078432
0 0.291373125 0.479562875 0.06699299999999997 0.08986900000000003
0 0.3689174375 0.9540763125 0.186274 0.08823499999999995
0 0.3758493125 0.3066981875 0.15196000000000004 0.08496700000000001
0 0.3365050625 0.1191850625 0.04902000000000001 0.050654000000000005
0 0.33979225 0.49011925 0.04085 0.03921600000000003
0 0.4218305625 0.6809963125 0.03431299999999998 0.026142999999999916
0 0.470192125 0.3626874375 0.03594799999999998 0.029411999999999994
0 0.5162824375 0.365298 0.029411999999999994 0.03267999999999999
0 0.548624125 0.7640101875 0.03594699999999995 0.022875999999999896
0 0.556475 0.297985875 0.0326789999999999 0.027776999999999996
0 0.574129875 0.8541983125 0.02777699999999994 0.026143999999999945
0 0.6201424375 0.3560746875 0.062092000000000036 0.06862800000000002
0 0.6338910625 0.24338725 0.04901999999999995 0.04085
0 0.6397504375 0.8233573125 0.062091999999999925 0.08823499999999995
0 0.7069100625 0.6037075 0.143791 0.11111100000000007
0 0.65714375 0.5028913125000001 0.02450999999999992 0.026144
0 0.6780474375 0.51136125 0.029411000000000076 0.04085000000000005
