0 0.22813662100456622 0.5116406250000001 0.202729 0.14624999999999994
0 0.27546769101978696 0.656171875 0.20565299999999997 0.12125000000000008
0 0.3125850806697108 0.2244140625 0.135478 0.11249999999999999
0 0.3437204505327245 0.58546875 0.10916200000000001 0.05625000000000002
0 0.366698400304414 0.11046875 0.06140400000000006 0.0875
0 0.4081685905631659 0.395 0.11501000000000003 0.15749999999999997
0 0.4238966103500761 0.227734375 0.072125 0.07500000000000001
0 0.4509999604261796 0.2365625 0.08771899999999995 0.11125000000000002
0 0.5212018310502283 0.6300390625 0.21247599999999997 0.20625000000000004
0 0.4712813105022831 0.1321875 0.10136400000000004 0.07875
