0 0.6518359375 0.5908019267935578 0.07687500000000003 0.135085
0 0.2592578125 0.3095343440702782 0.13562500000000002 0.16885499999999998
0 0.28816406250000004 0.18895915373352853 0.17499999999999996 0.11913699999999999
0 0.3007421875 0.43638563836017563 0.08437500000000003 0.10788000000000005
0 0.4429296875 0.16532279795021962 0.13125000000000003 0.13414600000000002
0 0.5008203124999999 0.42221860175695464 0.18312500000000004 0.17448399999999997
0 0.5576171875 0.3665912093704246 0.20937499999999998 0.25609799999999994
0 0.5443359375 0.20566079795021963 0.14 0.13226999999999994
0 0.6307421875 0.2020844363103953 0.17937499999999995 0.23733599999999996
0 0.6942578125 0.4276632459736457 0.229375 0.18855500000000003
0 0.7316796875 0.28491582869692533 0.16374999999999995 0.155722
0 0.7759765625 0.3730516691068814 0.15874999999999995 0.129456
