0 0.6201171875 0.3544926875 0.11562499999999998 0.099999
0 0.08730518749999999 0.8388666875 0.08593700000000001 0.100001
0 0.140234375 0.71484425 0.1375 0.134374
0 0.5095708125 0.458202625 0.792187 0.582813
0 0.373437 0.12890574999999999 0.0625 0.054688
0 0.4361333125 0.3544921875 0.12031200000000003 0.08437499999999998
0 0.5048833125000001 0.20234375 0.15156200000000003 0.14843800000000001
0 0.4982426875 0.6138671875 0.10156200000000004 0.11718699999999993
0 0.5775390625 0.6078125 0.050000000000000044 0.046875
0 0.83203075 0.822265625 0.14843799999999996 0.051562
0 0.89296925 0.7224604375 0.1343749999999999 0.09218800000000005
