0 0.108828125 0.44307325000000003 0.0050000000000000044 0.008332999999999998
0 0.1778515625 0.48427116666666664 0.0037500000000000033 0.0074999999999999884
0 0.2022265625 0.4434371666666666 0.0037499999999999756 0.006667000000000052
0 0.2416796875 0.1926041666666667 0.007500000000000007 0.0066669999999999785
0 0.248203125 0.17213508333333336 0.00437499999999999 0.004999999999999967
0 0.2553515625 0.17510416666666664 0.0025000000000000022 0.005833000000000014
0 0.508203125 0.93890625 0.0050000000000000044 0.009999999999999934
0 0.525078125 0.23843716666666667 0.0050000000000000044 0.006667000000000016
0 0.5655078125 0.8736455 0.010000000000000009 0.015833999999999904
0 0.5866796875 0.68057325 0.007500000000000062 0.008333000000000071
0 0.8134765625 0.28807325 0.0024999999999999467 0.008332999999999998
0 0.865 0.2563020833333333 0.0012499999999999734 0.0050000000000000044
0 0.8735546875 0.25343716666666666 0.006249999999999978 0.007500000000000025
0 0.8760546875 0.9090104166666667 0.006249999999999978 0.014999999999999977
0 0.9036328125 0.92640625 0.010624999999999996 0.009167
0 0.9223046875 0.9234371666666666 0.006249999999999978 0.0074999999999999884
0 0.939453125 0.2551041666666667 0.0050000000000000044 0.0074999999999999884
