0 0.497413375 0.7231213872832369 0.011824000000000001 0.04750000000000001
0 0.5208771875 0.7440606936416186 0.02195999999999998 0.024999999999999852
0 0.53536775 0.6998410404624278 0.023648000000000002 0.037499999999999985
0 0.55225975 0.7283959537572254 0.023648000000000002 0.03249999999999993
0 0.5770695 0.7473410404624277 0.016892000000000018 0.03750000000000007
0 0.74588225 0.7267919075144508 0.04054100000000005 0.06500000000000003
0 0.793549625 0.7398410404624278 0.02027000000000001 0.03499999999999988
0 0.9453125 0.7233959537572254 0.016892000000000018 0.032500000000000015
0 0.965318375 0.7323410404624278 0.013514000000000026 0.03500000000000004
0 0.9790965 0.5405057803468207 0.016892000000000018 0.027500000000000125
0 0.9870931875 0.6623410404624278 0.02195999999999998 0.037499999999999985
0 0.9899439375 0.5161705202312138 0.015202999999999967 0.020000000000000046
