0 0.026239067055393587 0.0840625 0.05415500000000001 0.048125
0 0.12099125364431487 0.782890625 0.243697 0.426875
0 0.05969008163265307 0.53046875 0.020541999999999998 0.023749999999999938
0 0.0756775335276968 0.077265625 0.028012 0.02062499999999999
0 0.10170708163265307 0.07421875 0.02240899999999999 0.024999999999999994
0 0.29330821574344024 0.498671875 0.12791699999999998 0.05937500000000007
0 0.2729659708454811 0.7233984375 0.06629400000000002 0.06125000000000003
0 0.30512224489795914 0.428828125 0.06162400000000001 0.06687500000000002
0 0.35071125947521864 0.390546875 0.030813000000000052 0.02749999999999997
0 0.4064384373177843 0.406015625 0.040149999999999963 0.05125000000000002
0 0.45073271137026244 0.4251171875 0.03548099999999992 0.02250000000000002
0 0.5623772011661807 0.419921875 0.15873000000000007 0.06
0 0.6338531632653062 0.4033984375 0.04108299999999997 0.02937500000000004
0 0.7664586909620992 0.526875 0.280112 0.188125
0 0.7274142973760933 0.845625 0.14752600000000007 0.09562500000000007
0 0.670858807580175 0.7503125 0.023342999999999947 0.016874999999999973
0 0.7280437113702625 0.7050390625 0.035481000000000006 0.018749999999999933
