0 0.1883203125 0.1619159411764706 0.15125000000000002 0.21730900000000003
0 0.0322265625 0.7839025882352941 0.06625 0.15428000000000006
0 0.037109375 0.0738755294117647 0.074375 0.11947300000000001
0 0.07027343750000001 0.7484468235294117 0.09312499999999999 0.14487300000000009
0 0.110078125 0.10891988235294119 0.0675 0.130762
0 0.1075390625 0.6020265294117647 0.04999999999999999 0.06773299999999995
0 0.1387890625 0.489323 0.081875 0.10253999999999998
0 0.16019531250000002 0.6399052941176471 0.08874999999999998 0.12888
0 0.209921875 0.9800180588235294 0.09124999999999997 0.03668800000000006
0 0.23859375 0.7079191176470588 0.05625000000000002 0.071495
0 0.3306640625 0.5906411764705882 0.11312499999999998 0.1561619999999999
0 0.3567578125 0.6803562941176471 0.10499999999999998 0.12699899999999995
0 0.38984375 0.5595971764705882 0.08750000000000002 0.156162
0 0.4660546875 0.66484 0.09999999999999998 0.15239899999999995
0 0.5756640625 0.5767571176470588 0.08187500000000003 0.12135499999999996
0 0.5870703125 0.1433278823529412 0.08937499999999998 0.17968
0 0.5912109375 0.32857617647058823 0.07687500000000003 0.10818399999999997
0 0.614609375 0.8241048235294118 0.07562499999999994 0.09595499999999989
0 0.670625 0.07810282352941177 0.0625 0.09595499999999998
0 0.68328125 0.5088396470588236 0.03937500000000005 0.08842899999999997
0 0.849609375 0.7413312352941176 0.10624999999999996 0.14299199999999998
0 0.8791015625 0.5360677647058824 0.09624999999999995 0.11006599999999998
0 0.9151953125 0.4095548823529412 0.11937500000000001 0.18156200000000006
0 0.9338671875 0.6797842352941177 0.11625000000000008 0.19285000000000005
0 0.9605859375 0.5313212941176471 0.07687500000000003 0.17779800000000004
