0 0.067109375 0.8266430295857988 0.013124999999999998 0.021780000000000067
0 0.0871875 0.8002456094674555 0.015625 0.02746200000000013
0 0.092890625 0.8648747692307692 0.02062499999999999 0.0407200000000001
0 0.1030859375 0.7934990295857989 0.015 0.0217799999999999
0 0.124609375 0.8404323195266272 0.011874999999999997 0.02367499999999992
0 0.1381640625 0.7758597692307692 0.018125000000000002 0.038826
0 0.1471875 0.847178899408284 0.016875 0.03219700000000018
0 0.1561328125 0.7624841893491124 0.01125000000000001 0.03314400000000002
0 0.1687890625 0.8352836094674555 0.018125000000000002 0.02746199999999996
0 0.16515625 0.7550877396449703 0.009374999999999994 0.017993000000000023
0 0.17328125 0.767813449704142 0.008750000000000008 0.015151000000000164
0 0.1946875 0.8555843195266272 0.016874999999999973 0.025568000000000108
0 0.2100390625 0.8657041893491123 0.019374999999999976 0.03314400000000019
0 0.22671875 0.7987663195266271 0.024375000000000008 0.025568000000000108
0 0.2449609375 0.7958077396449703 0.014374999999999999 0.019886000000000216
0 0.24328125 0.8278871597633135 0.009374999999999994 0.012310000000000133
0 0.2499609375 0.775388449704142 0.014374999999999999 0.017046000000000013
