0 0.6796875 0.22109341666666668 0.10999999999999999 0.20083399999999998
0 0.4675390625 0.5716149166666668 0.049375 0.05999999999999991
0 0.4918359375 0.3578645833333334 0.07750000000000001 0.08250000000000006
0 0.4871875 0.65432325 0.04812499999999997 0.07166600000000001
0 0.5068359375 0.7530208333333333 0.07625000000000004 0.15333300000000008
0 0.4954296875 0.4283336666666666 0.03875000000000001 0.08583300000000005
0 0.5439453125 0.3809378333333333 0.026874999999999982 0.09083300000000001
0 0.57015625 0.7189586666666666 0.07062499999999994 0.115833
0 0.5734765625 0.4482288333333333 0.06625000000000003 0.12166700000000004
0 0.604296875 0.8476041666666667 0.09062500000000007 0.13249999999999998
0 0.58796875 0.349167 0.055624999999999925 0.12583299999999994
0 0.662578125 0.9586975833333332 0.09812500000000002 0.08083400000000014
