0 0.026305875 0.5477476341463414 0.029059 0.029203000000000073
0 0.04393575 0.5189041219512195 0.024637 0.02446700000000003
0 0.0949916875 0.7233241219512194 0.038535 0.026044999999999995
0 0.1473719375 0.310894243902439 0.077069 0.05051300000000003
0 0.141509375 0.41651319512195123 0.044219999999999995 0.04104200000000003
0 0.2070371875 0.3497846829268293 0.05369499999999999 0.03788399999999995
0 0.2340268125 0.3279011219512195 0.04295600000000002 0.024468000000000004
0 0.2371848125 0.2818366585365854 0.041061000000000014 0.033148999999999984
0 0.2645739375 0.3162075365853659 0.015161999999999953 0.008681999999999988
0 0.27072075 0.10525709756097562 0.025268000000000013 0.020520999999999998
0 0.2896168125 0.18224660975609755 0.04106199999999999 0.022887999999999995
0 0.298405875 0.06134319512195122 0.06001300000000004 0.040253000000000004
0 0.3073048125 0.22651663414634146 0.04106199999999999 0.029203000000000003
0 0.3031089375 0.2911646097560976 0.013897999999999966 0.02209999999999995
0 0.3095421875 0.14629909756097562 0.022109999999999963 0.020521000000000015
0 0.3348683125 0.13912407317073172 0.026532 0.014995999999999975
0 0.347905 0.1527561463414634 0.03284999999999999 0.031570000000000036
0 0.35347475 0.07325658536585365 0.02463700000000002 0.018942
0 0.356691875 0.43717960975609754 0.029058000000000028 0.02367799999999998
0 0.3569783125 0.1658880487804878 0.026532 0.01183899999999999
0 0.3612259375 0.18095607317073167 0.015161000000000036 0.014996000000000027
0 0.3644430625 0.20915263414634144 0.01768799999999998 0.027624000000000034
0 0.3758721875 0.18691058536585367 0.02210899999999999 0.018941999999999976
0 0.3829945625 0.20599563414634145 0.034744 0.02683500000000002
0 0.384486875 0.16136612195121952 0.02842699999999998 0.024467999999999986
0 0.387703 0.29087714634146344 0.03284899999999996 0.03157099999999999
0 0.402174875 0.0650761219512195 0.029059 0.026046
0 0.437318375 0.6680040975609757 0.012003000000000041 0.020520999999999876
0 0.464598625 0.3723885853658536 0.02021400000000001 0.017363000000000076
0 0.4753408125 0.00853658536585366 0.041061000000000014 0.018942
0 0.4832631875 0.6297606097560976 0.02210899999999999 0.022099000000000046
0 0.5196179375000001 0.5300251463414635 0.04674700000000004 0.030780999999999965
0 0.512092875 0.6194996097560975 0.027795000000000014 0.022100000000000015
0 0.5274821875 0.5562875853658537 0.023374000000000006 0.017363000000000007
0 0.5533831875 0.6909641219512195 0.023372999999999977 0.026045000000000134
0 0.578306625 0.5313900731707317 0.019583000000000017 0.015784999999999903
0 0.5997296875 0.5173251219512195 0.037271000000000054 0.026046000000000034
0 0.6144911875 0.4688206341463414 0.05369500000000005 0.02762500000000004
0 0.6193095 0.5910145853658537 0.016425000000000023 0.017363999999999907
0 0.642856875 0.1250601219512195 0.027795000000000014 0.026046000000000017
0 0.6535345625 0.6217965853658537 0.003159000000000023 0.017363999999999977
0 0.6603705 0.12470163414634147 0.016425000000000023 0.027624
0 0.6753613125 0.4333756585365854 0.027163000000000048 0.03235999999999997
0 0.6784621875 0.12348212195121952 0.023372999999999977 0.026045000000000013
0 0.71291875 0.4671005853658537 0.02463699999999991 0.017362999999999938
0 0.7298045625 0.09270012195121952 0.034744 0.026046
0 0.7481816875 0.37446812195121953 0.038534999999999986 0.026045999999999965
0 0.76052925 0.21869465853658537 0.039798 0.03236000000000001
0 0.8088266875 0.4100561463414634 0.037271000000000054 0.030782000000000007
0 0.8265146875 0.17593260975609754 0.03727099999999994 0.023678000000000015
0 0.8486236875 0.18081065853658534 0.03727200000000008 0.032359
0 0.8517826875 0.44830063414634147 0.03853400000000007 0.02920200000000003
0 0.85189575 0.46207712195121947 0.02463700000000002 0.02446700000000003
0 0.857755125 0.24180009756097562 0.03663900000000009 0.02052099999999998
0 0.87349 0.33120117073170735 0.03284900000000002 0.036305999999999984
0 0.876706125 0.3010661219512195 0.03600800000000004 0.025257000000000054
0 0.8843420625 0.2505531219512195 0.018318999999999974 0.026046
0 0.892382875 0.14637012195121948 0.02842699999999998 0.02525700000000002
0 0.9058781875 0.2608141219512195 0.022109999999999963 0.024466999999999996
0 0.9111605 0.35114960975609755 0.016424999999999912 0.022099000000000046
0 0.9419433125 0.3873125609756098 0.026532 0.01420699999999994
0 0.9684753125 0.5697756097560975 0.027164000000000077 0.022100000000000015
0 0.9806516875 0.2730826341463415 0.037271000000000054 0.02920299999999997
0 0.9867371875 0.3490690731707317 0.023373000000000088 0.015784999999999973
0 0.9892060625 0.3968555853658537 0.01895100000000005 0.01894200000000001
0 0.993225375 0.3664330731707317 0.012002000000000068 0.014995999999999992
