0 0.4140625 0.9191114453227932 0.08000000000000002 0.10961200000000003
0 0.083984375 0.7843125981554676 0.169375 0.24030400000000002
0 0.05046875 0.40351262977602104 0.05625 0.12984900000000005
0 0.2034375 0.5403731673254282 0.2675 0.24789199999999995
0 0.2373828125 0.30059292226613965 0.07312499999999997 0.10708299999999998
0 0.238359375 0.8557673992094862 0.074375 0.10370999999999993
0 0.2980859375 0.22892255335968378 0.04562499999999997 0.06408099999999999
0 0.3340234375 0.3134506455862977 0.06124999999999997 0.07504200000000007
0 0.3401171875 0.24568050724637683 0.05375000000000002 0.05986499999999996
0 0.3366015625 0.43839703030303034 0.034999999999999976 0.06239499999999998
0 0.3876171875 0.3207762147562582 0.053749999999999964 0.083473
0 0.4473828125 0.7106359841897233 0.041874999999999996 0.055648999999999935
0 0.5605859375 0.3861241370223979 0.23312499999999997 0.18971300000000008
0 0.508515625 0.7887875533596838 0.05125000000000002 0.06576700000000013
0 0.54484375 0.6400214453227933 0.05625000000000002 0.10876899999999995
0 0.5564453125 0.7482632147562582 0.057499999999999996 0.08431700000000007
0 0.8725390625 0.0486942766798419 0.018749999999999933 0.03288300000000001
0 0.9768359375 0.10060316864295125 0.04500000000000004 0.077571
