0 0.17317708333333334 0.3855078125 0.3475 0.26125
0 0.03208366666666667 0.185546875 0.022499999999999992 0.027499999999999997
0 0.15682291666666667 0.775859375 0.02916699999999998 0.04312499999999997
0 0.24755208333333334 0.6126171875 0.06666699999999999 0.17812499999999998
0 0.3327600833333333 0.173671875 0.03416699999999998 0.027499999999999997
0 0.3354166666666667 0.22109375 0.022499999999999964 0.024375000000000008
0 0.3814065833333333 0.267890625 0.04999999999999997 0.08374999999999999
0 0.3763538333333334 0.46234375 0.02749999999999993 0.05499999999999999
0 0.38968783333333334 0.2021484375 0.027500000000000007 0.030625000000000013
0 0.42890658333333337 0.214921875 0.04999999999999997 0.028749999999999998
0 0.5473434166666666 0.357265625 0.26416700000000004 0.20875000000000005
0 0.4586975833333333 0.686875 0.081667 0.06312499999999999
0 0.44348991666666665 0.7562890625 0.030000000000000027 0.018749999999999933
0 0.6783333333333333 0.5680078125 0.4174999999999999 0.198125
0 0.6955208333333333 0.371875 0.02666700000000007 0.03125
0 0.8149479166666667 0.3719140625 0.06083299999999999 0.018750000000000044
0 0.8309899166666668 0.2751953125 0.029165999999999876 0.02562500000000001
0 0.9241663333333334 0.7058984375 0.04333399999999991 0.030625000000000013
0 0.9350003333333333 0.4444140625 0.043333000000000066 0.049375
0 0.9626045 0.64265625 0.04916600000000004 0.04062499999999991
