0 0.08376434213098728 0.6789298125 0.03946500000000001 0.04278100000000007
0 0.16562817106549363 0.052546625 0.020736000000000004 0.020053
0 0.17483727370478983 0.0241111875 0.03277600000000001 0.022727000000000004
0 0.2019524789833822 0.106482125 0.05484899999999999 0.036096
0 0.19845385923753664 0.0540345625 0.04147200000000001 0.034091
0 0.4018508250244379 0.4007510625 0.038126999999999994 0.04946500000000004
0 0.422174376344086 0.414323875 0.044815999999999995 0.05949199999999999
0 0.637549433040078 0.2636454375 0.2227430000000001 0.155749
0 0.6724962737047899 0.5332088125 0.03277600000000001 0.04144300000000001
0 0.7649059276637342 0.5791223125 0.050166999999999976 0.05815499999999996
0 0.7789529276637341 0.524722625 0.04949799999999985 0.051470000000000016
0 0.8038058592375367 0.58148775 0.04280899999999995 0.05615000000000003
