0 0.0068359375 0.7368540307467057 0.014375 0.02532799999999996
0 0.1103515625 0.30735973060029287 0.221875 0.178237
0 0.027734375 0.6695395461200586 0.043750000000000004 0.03658499999999998
0 0.03984375 0.6929915461200585 0.024374999999999997 0.036586000000000035
0 0.0701171875 0.6749400307467057 0.021875000000000006 0.023452000000000094
0 0.1217578125 0.4210166442166911 0.009999999999999981 0.016886000000000012
0 0.3016796875 0.3064563865300146 0.006249999999999978 0.011257000000000017
0 0.3141796875 0.30855990190336746 0.0068749999999999645 0.022515000000000007
0 0.3198046875 0.2896846442166911 0.007500000000000007 0.015946999999999982
0 0.3273046875 0.3008273865300146 0.007499999999999951 0.009380999999999981
0 0.3292578125 0.32105351537335286 0.009999999999999953 0.014071000000000028
0 0.3310546875 0.28176777306002926 0.007500000000000007 0.01782399999999999
0 0.33703125 0.3000036442166911 0.009375000000000022 0.016884999999999956
0 0.6437109375 0.8977921595900439 0.01375000000000004 0.029080999999999923
0 0.6556640625 0.8915237730600294 0.01937500000000003 0.018761999999999963
0 0.6693359375 0.9130997730600293 0.01375000000000004 0.018761999999999963
0 0.751484375 0.6635687730600294 0.011874999999999969 0.01969999999999994
0 0.7546875 0.5511130307467057 0.015625 0.025328000000000045
0 0.75453125 0.6395906442166911 0.008125000000000049 0.015009999999999976
0 0.7548046875 0.6058196442166911 0.0068750000000000755 0.016886000000000012
0 0.7641796875 0.4364385153733529 0.007500000000000062 0.01313299999999997
0 0.7673828125 0.6157267730600293 0.010000000000000009 0.019700000000000023
0 0.77421875 0.4867969019033675 0.024375000000000036 0.020638
0 0.7698828125 0.38765751537335286 0.011249999999999982 0.014071000000000028
0 0.7748828125 0.43977864421669105 0.010624999999999996 0.015009000000000005
0 0.77765625 0.4088216442166911 0.009374999999999911 0.016884999999999956
0 0.7798828125 0.6194787730600293 0.010624999999999996 0.019700000000000023
0 0.7859375 0.5712249019033675 0.016250000000000098 0.020637000000000027
0 0.7860546875 0.3880693865300146 0.007500000000000062 0.009381000000000065
0 0.797734375 0.5806049019033674 0.011874999999999969 0.021576000000000057
0 0.7980078125 0.43655177306002935 0.010624999999999996 0.01782399999999999
0 0.8066796875 0.5828937730600293 0.006250000000000089 0.017823000000000016
0 0.8173828125 0.6126842576866764 0.010000000000000009 0.007504999999999947
0 0.81765625 0.5806049019033674 0.008750000000000036 0.021576000000000057
0 0.8257421875 0.5237937730600294 0.02187500000000009 0.01876199999999988
0 0.8253125 0.5018059019033675 0.016874999999999973 0.021575999999999974
0 0.84828125 0.396626644216691 0.008750000000000036 0.015009000000000005
0 0.8606640625 0.6514880307467057 0.01937499999999992 0.025328000000000045
0 0.85703125 0.4049553865300146 0.009375000000000022 0.009380999999999981
0 0.8666796875 0.4030793865300146 0.006249999999999978 0.011256999999999934
0 0.8791796875 0.41287225768667635 0.0068750000000000755 0.008442000000000035
0 0.8905078125 0.5837175153733528 0.011249999999999982 0.014071000000000028
0 0.8923046875 0.5657802576866765 0.006249999999999978 0.007503999999999892
0 0.9012109375 0.6288597730600293 0.014374999999999916 0.01782399999999999
0 0.902734375 0.6558804172767203 0.011874999999999969 0.034709000000000025
0 0.9116796875 0.5833056442166911 0.006250000000000089 0.015947000000000065
